1.000000E-01  3.981165E+11  1.000000E-01
1.031722E-01  4.201746E+11  1.000000E-01
1.064450E-01  4.425555E+11  1.000000E-01
1.098217E-01  4.651834E+11  1.000003E-01
1.133054E-01  4.879767E+11  1.000022E-01
1.168997E-01  5.108489E+11  1.000145E-01
1.206080E-01  5.337086E+11  1.000860E-01
1.244339E-01  5.564606E+11  1.004620E-01
1.283812E-01  5.790059E+11  1.022688E-01
1.324537E-01  6.012431E+11  1.101944E-01
1.366553E-01  6.230682E+11  1.420251E-01
1.409903E-01  6.443762E+11  2.599154E-01
1.454628E-01  6.650616E+11  6.645491E-01
1.500772E-01  6.850190E+11  1.956536E+00
1.548379E-01  7.041446E+11  5.807842E+00
1.597497E-01  7.223365E+11  1.661766E+01
1.648172E-01  7.394957E+11  4.509315E+01
1.700456E-01  7.555273E+11  1.160526E+02
1.754397E-01  7.703412E+11  2.838183E+02
1.810050E-01  7.838528E+11  6.618389E+02
1.867468E-01  7.959840E+11  1.472205E+03
1.926708E-01  8.066639E+11  3.135703E+03
1.987827E-01  8.158294E+11  6.410998E+03
2.050885E-01  8.234258E+11  1.261153E+04
2.115943E-01  8.294077E+11  2.392373E+04
2.183065E-01  8.337389E+11  4.386392E+04
2.252316E-01  8.363932E+11  7.790842E+04
2.323763E-01  8.373545E+11  1.341556E+05
2.397478E-01  8.366170E+11  2.244801E+05
2.473530E-01  8.341851E+11  3.655839E+05
2.551995E-01  8.300736E+11  5.803712E+05
2.632950E-01  8.243074E+11  8.994023E+05
2.716472E-01  8.169213E+11  1.362440E+06
2.802644E-01  8.079597E+11  2.019970E+06
2.891549E-01  7.974760E+11  2.934656E+06
2.983275E-01  7.855322E+11  4.182462E+06
3.077910E-01  7.721981E+11  5.853621E+06
3.175547E-01  7.575512E+11  8.053092E+06
3.276281E-01  7.416750E+11  1.090052E+07
3.380211E-01  7.246590E+11  1.452953E+07
3.487438E-01  7.065977E+11  1.908667E+07
3.598067E-01  6.875894E+11  2.472953E+07
3.712204E-01  6.677356E+11  3.162404E+07
3.829963E-01  6.471402E+11  3.994189E+07
3.951456E-01  6.259082E+11  4.985690E+07
4.076804E-01  6.041452E+11  6.154124E+07
4.206128E-01  5.819564E+11  7.516108E+07
4.339555E-01  5.594458E+11  9.087308E+07
4.477214E-01  5.367153E+11  1.088198E+08
4.619240E-01  5.138643E+11  1.291261E+08
4.765771E-01  4.909885E+11  1.518950E+08
4.916950E-01  4.681797E+11  1.772051E+08
5.072926E-01  4.455252E+11  2.051070E+08
5.233849E-01  4.231073E+11  2.356213E+08
5.399876E-01  4.010025E+11  2.687369E+08
5.571171E-01  3.792819E+11  3.044097E+08
5.747899E-01  3.580103E+11  3.425616E+08
5.930234E-01  3.372465E+11  3.830806E+08
6.118352E-01  3.170427E+11  4.258208E+08
6.312438E-01  2.974449E+11  4.706035E+08
6.512681E-01  2.784927E+11  5.172174E+08
6.719276E-01  2.602192E+11  5.654210E+08
6.932424E-01  2.426518E+11  6.149433E+08
7.152334E-01  2.258115E+11  6.654865E+08
7.379220E-01  2.097138E+11  7.167277E+08
7.613303E-01  1.943687E+11  7.683218E+08
7.854812E-01  1.797811E+11  8.199035E+08
8.103982E-01  1.659512E+11  8.710912E+08
8.361056E-01  1.528745E+11  9.214892E+08
8.626284E-01  1.405426E+11  9.706924E+08
8.899927E-01  1.289436E+11  1.018289E+09
9.182250E-01  1.180619E+11  1.063866E+09
9.473528E-01  1.078793E+11  1.107012E+09
9.774047E-01  9.837504E+10  1.147326E+09
1.008410E+00  8.952621E+10  1.184415E+09
1.040399E+00  8.130812E+10  1.217911E+09
1.073402E+00  7.369467E+10  1.247465E+09
1.107452E+00  6.665867E+10  1.272763E+09
1.142583E+00  6.017217E+10  1.293523E+09
1.178828E+00  5.420672E+10  1.309511E+09
1.216223E+00  4.873366E+10  1.320536E+09
1.254804E+00  4.372435E+10  1.326464E+09
1.294608E+00  3.915039E+10  1.327218E+09
1.335676E+00  3.498382E+10  1.322781E+09
1.378046E+00  3.119729E+10  1.313203E+09
1.421760E+00  2.776419E+10  1.298596E+09
1.466861E+00  2.465877E+10  1.279138E+09
1.513393E+00  2.185629E+10  1.255068E+09
1.561401E+00  1.933302E+10  1.226684E+09
1.610931E+00  1.706638E+10  1.194337E+09
1.662033E+00  1.503494E+10  1.158422E+09
1.714756E+00  1.321845E+10  1.119373E+09
1.769152E+00  1.159785E+10  1.077651E+09
1.825272E+00  1.015531E+10  1.033733E+09
1.883174E+00  8.874155E+09  9.881053E+08
1.942911E+00  7.738903E+09  9.412489E+08
2.004544E+00  6.735196E+09  8.936325E+08
2.068132E+00  5.849779E+09  8.457023E+08
2.133738E+00  5.070458E+09  7.978750E+08
2.201424E+00  4.386048E+09  7.505314E+08
2.271257E+00  3.786325E+09  7.040116E+08
2.343306E+00  3.261977E+09  6.586125E+08
2.417640E+00  2.804545E+09  6.145861E+08
2.494332E+00  2.406369E+09  5.721393E+08
2.573457E+00  2.060538E+09  5.314359E+08
2.655092E+00  1.760829E+09  4.925981E+08
2.739317E+00  1.501663E+09  4.557102E+08
2.826214E+00  1.278045E+09  4.208220E+08
2.915867E+00  1.085521E+09  3.879530E+08
3.008363E+00  9.201287E+08  3.570963E+08
3.103795E+00  7.783546E+08  3.282228E+08
3.202253E+00  6.570900E+08  3.012853E+08
3.303835E+00  5.535930E+08  2.762221E+08
3.408639E+00  4.654519E+08  2.529602E+08
3.516767E+00  3.905508E+08  2.314184E+08
3.628326E+00  3.270383E+08  2.115101E+08
3.743423E+00  2.732990E+08  1.931452E+08
3.862172E+00  2.279271E+08  1.762325E+08
3.984688E+00  1.897022E+08  1.606804E+08
4.111090E+00  1.575677E+08  1.463990E+08
4.241501E+00  1.306112E+08  1.333007E+08
4.376050E+00  1.080469E+08  1.213008E+08
4.514867E+00  8.919948E+07  1.103183E+08
4.658087E+00  7.349044E+07  1.002760E+08
4.805850E+00  6.042517E+07  9.110111E+07
4.958301E+00  4.958191E+07  8.272490E+07
5.115588E+00  4.060197E+07  7.508307E+07
5.277865E+00  3.318100E+07  6.811555E+07
5.445289E+00  2.706139E+07  6.176645E+07
5.618024E+00  2.202568E+07  5.598387E+07
5.796238E+00  1.789068E+07  5.071978E+07
5.980106E+00  1.450250E+07  4.592981E+07
6.169807E+00  1.173215E+07  4.157303E+07
6.365525E+00  9.471752E+06  3.761178E+07
6.567452E+00  7.631355E+06  3.401146E+07
6.775784E+00  6.136086E+06  3.074028E+07
6.990725E+00  4.923791E+06  2.776911E+07
7.212484E+00  3.942995E+06  2.507129E+07
7.441278E+00  3.151166E+06  2.262241E+07
7.677330E+00  2.513245E+06  2.040015E+07
7.920870E+00  2.000400E+06  1.838415E+07
8.172135E+00  1.588975E+06  1.655579E+07
8.431371E+00  1.259610E+06  1.489812E+07
8.698830E+00  9.964907E+05  1.339566E+07
8.974774E+00  7.867358E+05  1.203434E+07
9.259471E+00  6.198735E+05  1.080131E+07
9.553200E+00  4.874113E+05  9.684900E+06
9.856245E+00  3.824781E+05  8.674480E+06
1.016890E+01  2.995271E+05  7.760385E+06
1.049148E+01  2.340906E+05  6.933830E+06
1.082429E+01  1.825788E+05  6.186826E+06
1.116766E+01  1.421134E+05  5.512118E+06
1.152192E+01  1.103922E+05  4.903110E+06
1.188742E+01  8.557758E+04  4.353814E+06
1.226451E+01  6.620643E+04  3.858788E+06
1.265356E+01  5.111623E+04  3.413089E+06
1.305496E+01  3.938546E+04  3.012228E+06
1.346909E+01  3.028528E+04  2.652122E+06
1.389635E+01  2.324052E+04  2.329063E+06
1.433717E+01  1.779830E+04  2.039676E+06
1.479197E+01  1.360285E+04  1.780890E+06
1.526120E+01  1.037528E+04  1.549908E+06
1.574532E+01  7.897484E+03  1.344178E+06
1.624479E+01  5.999243E+03  1.161374E+06
1.676011E+01  4.548028E+03  9.993676E+05
1.729177E+01  3.440876E+03  8.562113E+05
1.784030E+01  2.597971E+03  7.301208E+05
1.840623E+01  1.957580E+03  6.194583E+05
1.899011E+01  1.472058E+03  5.227184E+05
1.959251E+01  1.104717E+03  4.385156E+05
2.021402E+01  8.273692E+02  3.655737E+05
2.085525E+01  6.184014E+02  3.027155E+05
2.151682E+01  4.612817E+02  2.488557E+05
2.219938E+01  3.433909E+02  2.029929E+05
2.290358E+01  2.551181E+02  1.642046E+05
2.363013E+01  1.891594E+02  1.316415E+05
2.437972E+01  1.399762E+02  1.045239E+05
2.515309E+01  1.033780E+02  8.213814E+04
2.595100E+01  7.620097E+01  6.383336E+04
2.677421E+01  5.606172E+01  4.901923E+04
2.762354E+01  4.116865E+01  3.716349E+04
2.849982E+01  3.017794E+01  2.778968E+04
2.940389E+01  2.208388E+01  2.047494E+04
3.033663E+01  1.613537E+01  1.484755E+04
3.129897E+01  1.177272E+01  1.058441E+04
3.229183E+01  8.579757E+00  7.408087E+03
3.331619E+01  6.247710E+00  5.083730E+03
3.437305E+01  4.547968E+00  3.415575E+03
3.546343E+01  3.311652E+00  2.243239E+03
3.658840E+01  2.414268E+00  1.437803E+03
3.774905E+01  1.764245E+00  8.977882E+02
3.894652E+01  1.294371E+00  5.451221E+02
4.018198E+01  9.554210E-01  3.212282E+02
4.145663E+01  7.114189E-01  1.833387E+02
4.277172E+01  5.361303E-01  1.011381E+02
4.412852E+01  4.104646E-01  5.381508E+01
4.552836E+01  3.205598E-01  2.756791E+01
4.697261E+01  2.563720E-01  1.357768E+01
4.846267E+01  2.106395E-01  6.429634E+00
5.000000E+01  1.781231E-01  5.894544E+00
