0.000000E+00  4.711766E+02
3.333333E-01  4.709702E+02
6.666667E-01  4.707742E+02
1.000000E+00  4.705863E+02
1.333333E+00  4.704049E+02
1.666667E+00  4.702290E+02
2.000000E+00  4.700577E+02
2.333333E+00  4.698906E+02
2.666667E+00  4.697270E+02
3.000000E+00  4.695666E+02
3.333333E+00  4.694090E+02
3.666667E+00  4.692541E+02
4.000000E+00  4.691014E+02
4.333333E+00  4.689509E+02
4.666667E+00  4.688024E+02
5.000000E+00  4.686557E+02
5.333333E+00  4.685106E+02
5.666667E+00  4.683671E+02
6.000000E+00  4.682249E+02
6.333333E+00  4.680841E+02
6.666667E+00  4.679446E+02
7.000000E+00  4.678061E+02
7.333333E+00  4.676688E+02
7.666667E+00  4.675324E+02
8.000000E+00  4.673970E+02
8.333333E+00  4.672625E+02
8.666667E+00  4.671287E+02
9.000000E+00  4.669958E+02
9.333333E+00  4.668635E+02
9.666667E+00  4.667319E+02
1.000000E+01  4.666010E+02
1.033333E+01  4.664706E+02
1.066667E+01  4.663407E+02
1.100000E+01  4.662114E+02
1.133333E+01  4.660825E+02
1.166667E+01  4.659541E+02
1.200000E+01  4.658261E+02
1.233333E+01  4.656985E+02
1.266667E+01  4.655712E+02
1.300000E+01  4.654442E+02
1.333333E+01  4.653175E+02
1.366667E+01  4.651911E+02
1.400000E+01  4.650650E+02
1.433333E+01  4.649390E+02
1.466667E+01  4.648133E+02
1.500000E+01  4.646877E+02
1.533333E+01  4.645623E+02
1.566667E+01  4.644371E+02
1.600000E+01  4.643119E+02
1.633333E+01  4.641869E+02
1.666667E+01  4.640619E+02
1.700000E+01  4.639370E+02
1.733333E+01  4.638121E+02
1.766667E+01  4.636873E+02
1.800000E+01  4.635624E+02
1.833333E+01  4.634376E+02
1.866667E+01  4.633127E+02
1.900000E+01  4.631878E+02
1.933333E+01  4.630628E+02
1.966667E+01  4.629378E+02
2.000000E+01  4.628127E+02
2.033333E+01  4.626875E+02
2.066667E+01  4.625622E+02
2.100000E+01  4.624367E+02
2.133333E+01  4.623111E+02
2.166667E+01  4.621854E+02
2.200000E+01  4.620594E+02
2.233333E+01  4.619333E+02
2.266667E+01  4.618070E+02
2.300000E+01  4.616805E+02
2.333333E+01  4.615538E+02
2.366667E+01  4.614268E+02
2.400000E+01  4.612996E+02
2.433333E+01  4.611722E+02
2.466667E+01  4.610444E+02
2.500000E+01  4.609164E+02
2.533333E+01  4.607881E+02
2.566667E+01  4.606594E+02
2.600000E+01  4.605305E+02
2.633333E+01  4.604012E+02
2.666667E+01  4.602715E+02
2.700000E+01  4.601415E+02
2.733333E+01  4.600111E+02
2.766667E+01  4.598804E+02
2.800000E+01  4.597492E+02
2.833333E+01  4.596177E+02
2.866667E+01  4.594857E+02
2.900000E+01  4.593533E+02
2.933333E+01  4.592204E+02
2.966667E+01  4.590871E+02
3.000000E+01  4.589533E+02
3.033333E+01  4.588190E+02
3.066667E+01  4.586843E+02
3.100000E+01  4.585490E+02
3.133333E+01  4.584132E+02
3.166667E+01  4.582769E+02
3.200000E+01  4.581400E+02
3.233333E+01  4.580026E+02
3.266667E+01  4.578646E+02
3.300000E+01  4.577260E+02
3.333333E+01  4.575868E+02
3.366667E+01  4.574471E+02
3.400000E+01  4.573067E+02
3.433333E+01  4.571656E+02
3.466667E+01  4.570239E+02
3.500000E+01  4.568816E+02
3.533333E+01  4.567386E+02
3.566667E+01  4.565949E+02
3.600000E+01  4.564505E+02
3.633333E+01  4.563053E+02
3.666667E+01  4.561595E+02
3.700000E+01  4.560129E+02
3.733333E+01  4.558656E+02
3.766667E+01  4.557174E+02
3.800000E+01  4.555685E+02
3.833333E+01  4.554188E+02
3.866667E+01  4.552683E+02
3.900000E+01  4.551169E+02
3.933333E+01  4.549647E+02
3.966667E+01  4.548117E+02
4.000000E+01  4.546578E+02
4.033333E+01  4.545029E+02
4.066667E+01  4.543472E+02
4.100000E+01  4.541906E+02
4.133333E+01  4.540330E+02
4.166667E+01  4.538745E+02
4.200000E+01  4.537150E+02
4.233333E+01  4.535545E+02
4.266667E+01  4.533930E+02
4.300000E+01  4.532305E+02
4.333333E+01  4.530669E+02
4.366667E+01  4.529023E+02
4.400000E+01  4.527366E+02
4.433333E+01  4.525699E+02
4.466667E+01  4.524020E+02
4.500000E+01  4.522330E+02
4.533333E+01  4.520628E+02
4.566667E+01  4.518915E+02
4.600000E+01  4.517191E+02
4.633333E+01  4.515454E+02
4.666667E+01  4.513705E+02
4.700000E+01  4.511943E+02
4.733333E+01  4.510169E+02
4.766667E+01  4.508382E+02
4.800000E+01  4.506582E+02
4.833333E+01  4.504769E+02
4.866667E+01  4.502943E+02
4.900000E+01  4.501103E+02
4.933333E+01  4.499249E+02
4.966667E+01  4.497381E+02
5.000000E+01  4.495499E+02
5.033333E+01  4.493602E+02
5.066667E+01  4.491690E+02
5.100000E+01  4.489764E+02
5.133333E+01  4.487822E+02
5.166667E+01  4.485865E+02
5.200000E+01  4.483892E+02
5.233333E+01  4.481904E+02
5.266667E+01  4.479899E+02
5.300000E+01  4.477877E+02
5.333333E+01  4.475839E+02
5.366667E+01  4.473784E+02
5.400000E+01  4.471712E+02
5.433333E+01  4.469623E+02
5.466667E+01  4.467515E+02
5.500000E+01  4.465390E+02
5.533333E+01  4.463246E+02
5.566667E+01  4.461084E+02
5.600000E+01  4.458903E+02
5.633333E+01  4.456703E+02
5.666667E+01  4.454483E+02
5.700000E+01  4.452243E+02
5.733333E+01  4.449984E+02
5.766667E+01  4.447704E+02
5.800000E+01  4.445403E+02
5.833333E+01  4.443082E+02
5.866667E+01  4.440739E+02
5.900000E+01  4.438374E+02
5.933333E+01  4.435988E+02
5.966667E+01  4.433579E+02
6.000000E+01  4.431148E+02
6.033333E+01  4.428693E+02
6.066667E+01  4.426215E+02
6.100000E+01  4.423714E+02
6.133333E+01  4.421188E+02
6.166667E+01  4.418638E+02
6.200000E+01  4.416063E+02
6.233333E+01  4.413463E+02
6.266667E+01  4.410837E+02
6.300000E+01  4.408185E+02
6.333333E+01  4.405507E+02
6.366667E+01  4.402802E+02
6.400000E+01  4.400070E+02
6.433333E+01  4.397310E+02
6.466667E+01  4.394522E+02
6.500000E+01  4.391706E+02
6.533333E+01  4.388861E+02
6.566667E+01  4.385986E+02
6.600000E+01  4.383082E+02
6.633333E+01  4.380147E+02
6.666667E+01  4.377182E+02
6.700000E+01  4.374185E+02
6.733333E+01  4.371157E+02
6.766667E+01  4.368096E+02
6.800000E+01  4.365003E+02
6.833333E+01  4.361877E+02
6.866667E+01  4.358717E+02
6.900000E+01  4.355523E+02
6.933333E+01  4.352294E+02
6.966667E+01  4.349030E+02
7.000000E+01  4.345730E+02
7.033333E+01  4.342394E+02
7.066667E+01  4.339021E+02
7.100000E+01  4.335611E+02
7.133333E+01  4.332162E+02
7.166667E+01  4.328675E+02
7.200000E+01  4.325149E+02
7.233333E+01  4.321583E+02
7.266667E+01  4.317977E+02
7.300000E+01  4.314330E+02
7.333333E+01  4.310641E+02
7.366667E+01  4.306910E+02
7.400000E+01  4.303136E+02
7.433333E+01  4.299318E+02
7.466667E+01  4.295457E+02
7.500000E+01  4.291550E+02
7.533333E+01  4.287598E+02
7.566667E+01  4.283600E+02
7.600000E+01  4.279555E+02
7.633333E+01  4.275462E+02
7.666667E+01  4.271321E+02
7.700000E+01  4.267132E+02
7.733333E+01  4.262892E+02
7.766667E+01  4.258602E+02
7.800000E+01  4.254260E+02
7.833333E+01  4.249867E+02
7.866667E+01  4.245420E+02
7.900000E+01  4.240921E+02
7.933333E+01  4.236367E+02
7.966667E+01  4.231757E+02
8.000000E+01  4.227092E+02
8.033333E+01  4.222371E+02
8.066667E+01  4.217591E+02
8.100000E+01  4.212753E+02
8.133333E+01  4.207856E+02
8.166667E+01  4.202899E+02
8.200000E+01  4.197881E+02
8.233333E+01  4.192801E+02
8.266667E+01  4.187659E+02
8.300000E+01  4.182453E+02
8.333333E+01  4.177182E+02
8.366667E+01  4.171846E+02
8.400000E+01  4.166444E+02
8.433333E+01  4.160975E+02
8.466667E+01  4.155437E+02
8.500000E+01  4.149831E+02
8.533333E+01  4.144154E+02
8.566667E+01  4.138407E+02
8.600000E+01  4.132588E+02
8.633333E+01  4.126696E+02
8.666667E+01  4.120730E+02
8.700000E+01  4.114689E+02
8.733333E+01  4.108573E+02
8.766667E+01  4.102380E+02
8.800000E+01  4.096109E+02
8.833333E+01  4.089760E+02
8.866667E+01  4.083331E+02
8.900000E+01  4.076822E+02
8.933333E+01  4.070231E+02
8.966667E+01  4.063557E+02
9.000000E+01  4.056800E+02
9.033333E+01  4.049958E+02
9.066667E+01  4.043031E+02
9.100000E+01  4.036017E+02
9.133333E+01  4.028916E+02
9.166667E+01  4.021726E+02
9.200000E+01  4.014447E+02
9.233333E+01  4.007078E+02
9.266667E+01  3.999617E+02
9.300000E+01  3.992063E+02
9.333333E+01  3.984417E+02
9.366667E+01  3.976676E+02
9.400000E+01  3.968840E+02
9.433333E+01  3.960908E+02
9.466667E+01  3.952880E+02
9.500000E+01  3.944753E+02
9.533333E+01  3.936528E+02
9.566667E+01  3.928203E+02
9.600000E+01  3.919778E+02
9.633333E+01  3.911252E+02
9.666667E+01  3.902624E+02
9.700000E+01  3.893893E+02
9.733333E+01  3.885059E+02
9.766667E+01  3.876121E+02
9.800000E+01  3.867078E+02
9.833333E+01  3.857929E+02
9.866667E+01  3.848675E+02
9.900000E+01  3.839313E+02
9.933333E+01  3.829845E+02
9.966667E+01  3.820269E+02
1.000000E+02  3.810584E+02
1.003333E+02  3.800792E+02
1.006667E+02  3.790890E+02
1.010000E+02  3.780878E+02
1.013333E+02  3.770758E+02
1.016667E+02  3.760527E+02
1.020000E+02  3.750186E+02
1.023333E+02  3.739735E+02
1.026667E+02  3.729174E+02
1.030000E+02  3.718503E+02
1.033333E+02  3.707721E+02
1.036667E+02  3.696829E+02
1.040000E+02  3.685828E+02
1.043333E+02  3.674716E+02
1.046667E+02  3.663495E+02
1.050000E+02  3.652166E+02
1.053333E+02  3.640727E+02
1.056667E+02  3.629181E+02
1.060000E+02  3.617527E+02
1.063333E+02  3.605766E+02
1.066667E+02  3.593899E+02
1.070000E+02  3.581927E+02
1.073333E+02  3.569850E+02
1.076667E+02  3.557671E+02
1.080000E+02  3.545389E+02
1.083333E+02  3.533006E+02
1.086667E+02  3.520523E+02
1.090000E+02  3.507941E+02
1.093333E+02  3.495263E+02
1.096667E+02  3.482489E+02
1.100000E+02  3.469621E+02
1.103333E+02  3.456661E+02
1.106667E+02  3.443610E+02
1.110000E+02  3.430470E+02
1.113333E+02  3.417244E+02
1.116667E+02  3.403933E+02
1.120000E+02  3.390539E+02
1.123333E+02  3.377065E+02
1.126667E+02  3.363513E+02
1.130000E+02  3.349884E+02
1.133333E+02  3.336182E+02
1.136667E+02  3.322409E+02
1.140000E+02  3.308568E+02
1.143333E+02  3.294660E+02
1.146667E+02  3.280689E+02
1.150000E+02  3.266658E+02
1.153333E+02  3.252569E+02
1.156667E+02  3.238425E+02
1.160000E+02  3.224229E+02
1.163333E+02  3.209983E+02
1.166667E+02  3.195692E+02
1.170000E+02  3.181357E+02
1.173333E+02  3.166982E+02
1.176667E+02  3.152570E+02
1.180000E+02  3.138124E+02
1.183333E+02  3.123648E+02
1.186667E+02  3.109143E+02
1.190000E+02  3.094614E+02
1.193333E+02  3.080063E+02
1.196667E+02  3.065494E+02
1.200000E+02  3.050910E+02
1.203333E+02  3.036314E+02
1.206667E+02  3.021710E+02
1.210000E+02  3.007099E+02
1.213333E+02  2.992486E+02
1.216667E+02  2.977873E+02
1.220000E+02  2.963264E+02
1.223333E+02  2.948662E+02
1.226667E+02  2.934070E+02
1.230000E+02  2.919490E+02
1.233333E+02  2.904926E+02
1.236667E+02  2.890380E+02
1.240000E+02  2.875856E+02
1.243333E+02  2.861356E+02
1.246667E+02  2.846883E+02
1.250000E+02  2.832440E+02
1.253333E+02  2.818030E+02
1.256667E+02  2.803655E+02
1.260000E+02  2.789317E+02
1.263333E+02  2.775020E+02
1.266667E+02  2.760765E+02
1.270000E+02  2.746556E+02
1.273333E+02  2.732393E+02
1.276667E+02  2.718281E+02
1.280000E+02  2.704220E+02
1.283333E+02  2.690214E+02
1.286667E+02  2.676264E+02
1.290000E+02  2.662371E+02
1.293333E+02  2.648539E+02
1.296667E+02  2.634769E+02
1.300000E+02  2.621063E+02
1.303333E+02  2.607422E+02
1.306667E+02  2.593848E+02
1.310000E+02  2.580343E+02
1.313333E+02  2.566908E+02
1.316667E+02  2.553545E+02
1.320000E+02  2.540255E+02
1.323333E+02  2.527039E+02
1.326667E+02  2.513900E+02
1.330000E+02  2.500837E+02
1.333333E+02  2.487852E+02
1.336667E+02  2.474946E+02
1.340000E+02  2.462120E+02
1.343333E+02  2.449376E+02
1.346667E+02  2.436713E+02
1.350000E+02  2.424133E+02
1.353333E+02  2.411637E+02
1.356667E+02  2.399224E+02
1.360000E+02  2.386897E+02
1.363333E+02  2.374655E+02
1.366667E+02  2.362498E+02
1.370000E+02  2.350429E+02
1.373333E+02  2.338446E+02
1.376667E+02  2.326550E+02
1.380000E+02  2.314742E+02
1.383333E+02  2.303021E+02
1.386667E+02  2.291389E+02
1.390000E+02  2.279845E+02
1.393333E+02  2.268389E+02
1.396667E+02  2.257022E+02
1.400000E+02  2.245744E+02
1.403333E+02  2.234553E+02
1.406667E+02  2.223452E+02
1.410000E+02  2.212439E+02
1.413333E+02  2.201514E+02
1.416667E+02  2.190677E+02
1.420000E+02  2.179929E+02
1.423333E+02  2.169268E+02
1.426667E+02  2.158695E+02
1.430000E+02  2.148210E+02
1.433333E+02  2.137811E+02
1.436667E+02  2.127500E+02
1.440000E+02  2.117275E+02
1.443333E+02  2.107136E+02
1.446667E+02  2.097082E+02
1.450000E+02  2.087115E+02
1.453333E+02  2.077232E+02
1.456667E+02  2.067433E+02
1.460000E+02  2.057718E+02
1.463333E+02  2.048087E+02
1.466667E+02  2.038539E+02
1.470000E+02  2.029074E+02
1.473333E+02  2.019690E+02
1.476667E+02  2.010388E+02
1.480000E+02  2.001167E+02
1.483333E+02  1.992026E+02
1.486667E+02  1.982965E+02
1.490000E+02  1.973982E+02
1.493333E+02  1.965079E+02
1.496667E+02  1.956253E+02
1.500000E+02  1.947504E+02
1.503333E+02  1.938832E+02
1.506667E+02  1.930237E+02
1.510000E+02  1.921716E+02
1.513333E+02  1.913270E+02
1.516667E+02  1.904899E+02
1.520000E+02  1.896600E+02
1.523333E+02  1.888375E+02
1.526667E+02  1.880221E+02
1.530000E+02  1.872139E+02
1.533333E+02  1.864128E+02
1.536667E+02  1.856187E+02
1.540000E+02  1.848315E+02
1.543333E+02  1.840511E+02
1.546667E+02  1.832776E+02
1.550000E+02  1.825109E+02
1.553333E+02  1.817508E+02
1.556667E+02  1.809973E+02
1.560000E+02  1.802503E+02
1.563333E+02  1.795098E+02
1.566667E+02  1.787757E+02
1.570000E+02  1.780480E+02
1.573333E+02  1.773265E+02
1.576667E+02  1.766112E+02
1.580000E+02  1.759020E+02
1.583333E+02  1.751989E+02
1.586667E+02  1.745019E+02
1.590000E+02  1.738107E+02
1.593333E+02  1.731255E+02
1.596667E+02  1.724460E+02
1.600000E+02  1.717723E+02
1.603333E+02  1.711043E+02
1.606667E+02  1.704419E+02
1.610000E+02  1.697850E+02
1.613333E+02  1.691337E+02
1.616667E+02  1.684878E+02
1.620000E+02  1.678472E+02
1.623333E+02  1.672120E+02
1.626667E+02  1.665820E+02
1.630000E+02  1.659573E+02
1.633333E+02  1.653376E+02
1.636667E+02  1.647231E+02
1.640000E+02  1.641135E+02
1.643333E+02  1.635089E+02
1.646667E+02  1.629093E+02
1.650000E+02  1.623144E+02
1.653333E+02  1.617244E+02
1.656667E+02  1.611391E+02
1.660000E+02  1.605585E+02
1.663333E+02  1.599825E+02
1.666667E+02  1.594111E+02
1.670000E+02  1.588442E+02
1.673333E+02  1.582817E+02
1.676667E+02  1.577237E+02
1.680000E+02  1.571701E+02
1.683333E+02  1.566208E+02
1.686667E+02  1.560757E+02
1.690000E+02  1.555349E+02
1.693333E+02  1.549983E+02
1.696667E+02  1.544657E+02
1.700000E+02  1.539373E+02
1.703333E+02  1.534128E+02
1.706667E+02  1.528924E+02
1.710000E+02  1.523759E+02
1.713333E+02  1.518632E+02
1.716667E+02  1.513545E+02
1.720000E+02  1.508495E+02
1.723333E+02  1.503483E+02
1.726667E+02  1.498507E+02
1.730000E+02  1.493569E+02
1.733333E+02  1.488667E+02
1.736667E+02  1.483801E+02
1.740000E+02  1.478970E+02
1.743333E+02  1.474175E+02
1.746667E+02  1.469414E+02
1.750000E+02  1.464687E+02
1.753333E+02  1.459994E+02
1.756667E+02  1.455335E+02
1.760000E+02  1.450709E+02
1.763333E+02  1.446115E+02
1.766667E+02  1.441555E+02
1.770000E+02  1.437026E+02
1.773333E+02  1.432528E+02
1.776667E+02  1.428062E+02
1.780000E+02  1.423627E+02
1.783333E+02  1.419223E+02
1.786667E+02  1.414849E+02
1.790000E+02  1.410505E+02
1.793333E+02  1.406190E+02
1.796667E+02  1.401905E+02
1.800000E+02  1.397649E+02
1.803333E+02  1.393421E+02
1.806667E+02  1.389222E+02
1.810000E+02  1.385051E+02
1.813333E+02  1.380907E+02
1.816667E+02  1.376791E+02
1.820000E+02  1.372703E+02
1.823333E+02  1.368640E+02
1.826667E+02  1.364605E+02
1.830000E+02  1.360596E+02
1.833333E+02  1.356612E+02
1.836667E+02  1.352655E+02
1.840000E+02  1.348723E+02
1.843333E+02  1.344816E+02
1.846667E+02  1.340934E+02
1.850000E+02  1.337076E+02
1.853333E+02  1.333243E+02
1.856667E+02  1.329434E+02
1.860000E+02  1.325649E+02
1.863333E+02  1.321888E+02
1.866667E+02  1.318150E+02
1.870000E+02  1.314435E+02
1.873333E+02  1.310743E+02
1.876667E+02  1.307073E+02
1.880000E+02  1.303427E+02
1.883333E+02  1.299802E+02
1.886667E+02  1.296199E+02
1.890000E+02  1.292618E+02
1.893333E+02  1.289059E+02
1.896667E+02  1.285521E+02
1.900000E+02  1.282004E+02
1.903333E+02  1.278507E+02
1.906667E+02  1.275032E+02
1.910000E+02  1.271577E+02
1.913333E+02  1.268142E+02
1.916667E+02  1.264728E+02
1.920000E+02  1.261333E+02
1.923333E+02  1.257958E+02
1.926667E+02  1.254602E+02
1.930000E+02  1.251266E+02
1.933333E+02  1.247949E+02
1.936667E+02  1.244651E+02
1.940000E+02  1.241371E+02
1.943333E+02  1.238110E+02
1.946667E+02  1.234868E+02
1.950000E+02  1.231644E+02
1.953333E+02  1.228438E+02
1.956667E+02  1.225249E+02
1.960000E+02  1.222078E+02
1.963333E+02  1.218925E+02
1.966667E+02  1.215790E+02
1.970000E+02  1.212671E+02
1.973333E+02  1.209570E+02
1.976667E+02  1.206485E+02
1.980000E+02  1.203417E+02
1.983333E+02  1.200366E+02
1.986667E+02  1.197331E+02
1.990000E+02  1.194313E+02
1.993333E+02  1.191310E+02
1.996667E+02  1.188324E+02
2.000000E+02  1.185353E+02
2.003333E+02  1.182398E+02
2.006667E+02  1.179459E+02
2.010000E+02  1.176535E+02
2.013333E+02  1.173626E+02
2.016667E+02  1.170733E+02
2.020000E+02  1.167854E+02
2.023333E+02  1.164991E+02
2.026667E+02  1.162142E+02
2.030000E+02  1.159308E+02
2.033333E+02  1.156488E+02
2.036667E+02  1.153683E+02
2.040000E+02  1.150892E+02
2.043333E+02  1.148115E+02
2.046667E+02  1.145352E+02
2.050000E+02  1.142603E+02
2.053333E+02  1.139867E+02
2.056667E+02  1.137146E+02
2.060000E+02  1.134438E+02
2.063333E+02  1.131743E+02
2.066667E+02  1.129061E+02
2.070000E+02  1.126393E+02
2.073333E+02  1.123738E+02
2.076667E+02  1.121096E+02
2.080000E+02  1.118466E+02
2.083333E+02  1.115850E+02
2.086667E+02  1.113246E+02
2.090000E+02  1.110654E+02
2.093333E+02  1.108075E+02
2.096667E+02  1.105509E+02
2.100000E+02  1.102955E+02
2.103333E+02  1.100412E+02
2.106667E+02  1.097882E+02
2.110000E+02  1.095364E+02
2.113333E+02  1.092858E+02
2.116667E+02  1.090363E+02
2.120000E+02  1.087880E+02
2.123333E+02  1.085409E+02
2.126667E+02  1.082949E+02
2.130000E+02  1.080500E+02
2.133333E+02  1.078063E+02
2.136667E+02  1.075637E+02
2.140000E+02  1.073222E+02
2.143333E+02  1.070818E+02
2.146667E+02  1.068426E+02
2.150000E+02  1.066044E+02
2.153333E+02  1.063672E+02
2.156667E+02  1.061312E+02
2.160000E+02  1.058962E+02
2.163333E+02  1.056623E+02
2.166667E+02  1.054294E+02
2.170000E+02  1.051975E+02
2.173333E+02  1.049667E+02
2.176667E+02  1.047369E+02
2.180000E+02  1.045081E+02
2.183333E+02  1.042803E+02
2.186667E+02  1.040536E+02
2.190000E+02  1.038278E+02
2.193333E+02  1.036030E+02
2.196667E+02  1.033792E+02
2.200000E+02  1.031563E+02
2.203333E+02  1.029344E+02
2.206667E+02  1.027135E+02
2.210000E+02  1.024935E+02
2.213333E+02  1.022745E+02
2.216667E+02  1.020564E+02
2.220000E+02  1.018392E+02
2.223333E+02  1.016230E+02
2.226667E+02  1.014076E+02
2.230000E+02  1.011932E+02
2.233333E+02  1.009797E+02
2.236667E+02  1.007671E+02
2.240000E+02  1.005553E+02
2.243333E+02  1.003445E+02
2.246667E+02  1.001345E+02
2.250000E+02  9.992538E+01
2.253333E+02  9.971715E+01
2.256667E+02  9.950977E+01
2.260000E+02  9.930324E+01
2.263333E+02  9.909756E+01
2.266667E+02  9.889273E+01
2.270000E+02  9.868873E+01
2.273333E+02  9.848556E+01
2.276667E+02  9.828321E+01
2.280000E+02  9.808168E+01
2.283333E+02  9.788097E+01
2.286667E+02  9.768106E+01
2.290000E+02  9.748196E+01
2.293333E+02  9.728365E+01
2.296667E+02  9.708614E+01
2.300000E+02  9.688941E+01
2.303333E+02  9.669346E+01
2.306667E+02  9.649829E+01
2.310000E+02  9.630389E+01
2.313333E+02  9.611025E+01
2.316667E+02  9.591738E+01
2.320000E+02  9.572526E+01
2.323333E+02  9.553389E+01
2.326667E+02  9.534327E+01
2.330000E+02  9.515339E+01
2.333333E+02  9.496424E+01
2.336667E+02  9.477583E+01
2.340000E+02  9.458814E+01
2.343333E+02  9.440118E+01
2.346667E+02  9.421493E+01
2.350000E+02  9.402939E+01
2.353333E+02  9.384456E+01
2.356667E+02  9.366044E+01
2.360000E+02  9.347702E+01
2.363333E+02  9.329429E+01
2.366667E+02  9.311225E+01
2.370000E+02  9.293090E+01
2.373333E+02  9.275023E+01
2.376667E+02  9.257023E+01
2.380000E+02  9.239091E+01
2.383333E+02  9.221226E+01
2.386667E+02  9.203428E+01
2.390000E+02  9.185695E+01
2.393333E+02  9.168028E+01
2.396667E+02  9.150427E+01
2.400000E+02  9.132890E+01
2.403333E+02  9.115418E+01
2.406667E+02  9.098010E+01
2.410000E+02  9.080666E+01
2.413333E+02  9.063384E+01
2.416667E+02  9.046166E+01
2.420000E+02  9.029011E+01
2.423333E+02  9.011917E+01
2.426667E+02  8.994886E+01
2.430000E+02  8.977916E+01
2.433333E+02  8.961007E+01
2.436667E+02  8.944158E+01
2.440000E+02  8.927370E+01
2.443333E+02  8.910642E+01
2.446667E+02  8.893974E+01
2.450000E+02  8.877365E+01
2.453333E+02  8.860815E+01
2.456667E+02  8.844323E+01
2.460000E+02  8.827890E+01
2.463333E+02  8.811515E+01
2.466667E+02  8.795197E+01
2.470000E+02  8.778936E+01
2.473333E+02  8.762733E+01
2.476667E+02  8.746586E+01
2.480000E+02  8.730495E+01
2.483333E+02  8.714460E+01
2.486667E+02  8.698481E+01
2.490000E+02  8.682557E+01
2.493333E+02  8.666688E+01
2.496667E+02  8.650874E+01
2.500000E+02  8.635114E+01
2.503333E+02  8.619408E+01
2.506667E+02  8.603756E+01
2.510000E+02  8.588158E+01
2.513333E+02  8.572612E+01
2.516667E+02  8.557120E+01
2.520000E+02  8.541680E+01
2.523333E+02  8.526292E+01
2.526667E+02  8.510956E+01
2.530000E+02  8.495672E+01
2.533333E+02  8.480440E+01
2.536667E+02  8.465258E+01
2.540000E+02  8.450128E+01
2.543333E+02  8.435048E+01
2.546667E+02  8.420018E+01
2.550000E+02  8.405038E+01
2.553333E+02  8.390108E+01
2.556667E+02  8.375228E+01
2.560000E+02  8.360397E+01
2.563333E+02  8.345614E+01
2.566667E+02  8.330881E+01
2.570000E+02  8.316196E+01
2.573333E+02  8.301559E+01
2.576667E+02  8.286970E+01
2.580000E+02  8.272428E+01
2.583333E+02  8.257934E+01
2.586667E+02  8.243487E+01
2.590000E+02  8.229087E+01
2.593333E+02  8.214734E+01
2.596667E+02  8.200427E+01
2.600000E+02  8.186167E+01
2.603333E+02  8.171952E+01
2.606667E+02  8.157783E+01
2.610000E+02  8.143659E+01
2.613333E+02  8.129581E+01
2.616667E+02  8.115547E+01
2.620000E+02  8.101559E+01
2.623333E+02  8.087614E+01
2.626667E+02  8.073715E+01
2.630000E+02  8.059859E+01
2.633333E+02  8.046047E+01
2.636667E+02  8.032278E+01
2.640000E+02  8.018553E+01
2.643333E+02  8.004872E+01
2.646667E+02  7.991233E+01
2.650000E+02  7.977637E+01
2.653333E+02  7.964083E+01
2.656667E+02  7.950572E+01
2.660000E+02  7.937102E+01
2.663333E+02  7.923675E+01
2.666667E+02  7.910289E+01
2.670000E+02  7.896945E+01
2.673333E+02  7.883642E+01
2.676667E+02  7.870380E+01
2.680000E+02  7.857159E+01
2.683333E+02  7.843979E+01
2.686667E+02  7.830839E+01
2.690000E+02  7.817739E+01
2.693333E+02  7.804679E+01
2.696667E+02  7.791659E+01
2.700000E+02  7.778679E+01
2.703333E+02  7.765739E+01
2.706667E+02  7.752837E+01
2.710000E+02  7.739975E+01
2.713333E+02  7.727151E+01
2.716667E+02  7.714366E+01
2.720000E+02  7.701620E+01
2.723333E+02  7.688912E+01
2.726667E+02  7.676242E+01
2.730000E+02  7.663610E+01
2.733333E+02  7.651016E+01
2.736667E+02  7.638460E+01
2.740000E+02  7.625941E+01
2.743333E+02  7.613459E+01
2.746667E+02  7.601014E+01
2.750000E+02  7.588606E+01
2.753333E+02  7.576235E+01
2.756667E+02  7.563900E+01
2.760000E+02  7.551602E+01
2.763333E+02  7.539340E+01
2.766667E+02  7.527114E+01
2.770000E+02  7.514923E+01
2.773333E+02  7.502769E+01
2.776667E+02  7.490650E+01
2.780000E+02  7.478566E+01
2.783333E+02  7.466518E+01
2.786667E+02  7.454504E+01
2.790000E+02  7.442526E+01
2.793333E+02  7.430582E+01
2.796667E+02  7.418672E+01
2.800000E+02  7.406797E+01
2.803333E+02  7.394957E+01
2.806667E+02  7.383150E+01
2.810000E+02  7.371377E+01
2.813333E+02  7.359639E+01
2.816667E+02  7.347933E+01
2.820000E+02  7.336261E+01
2.823333E+02  7.324623E+01
2.826667E+02  7.313017E+01
2.830000E+02  7.301445E+01
2.833333E+02  7.289905E+01
2.836667E+02  7.278399E+01
2.840000E+02  7.266924E+01
2.843333E+02  7.255483E+01
2.846667E+02  7.244073E+01
2.850000E+02  7.232696E+01
2.853333E+02  7.221350E+01
2.856667E+02  7.210036E+01
2.860000E+02  7.198755E+01
2.863333E+02  7.187504E+01
2.866667E+02  7.176285E+01
2.870000E+02  7.165098E+01
2.873333E+02  7.153941E+01
2.876667E+02  7.142816E+01
2.880000E+02  7.131721E+01
2.883333E+02  7.120657E+01
2.886667E+02  7.109624E+01
2.890000E+02  7.098621E+01
2.893333E+02  7.087649E+01
2.896667E+02  7.076707E+01
2.900000E+02  7.065795E+01
2.903333E+02  7.054912E+01
2.906667E+02  7.044060E+01
2.910000E+02  7.033237E+01
2.913333E+02  7.022444E+01
2.916667E+02  7.011681E+01
2.920000E+02  7.000946E+01
2.923333E+02  6.990241E+01
2.926667E+02  6.979565E+01
2.930000E+02  6.968918E+01
2.933333E+02  6.958300E+01
2.936667E+02  6.947710E+01
2.940000E+02  6.937149E+01
2.943333E+02  6.926616E+01
2.946667E+02  6.916112E+01
2.950000E+02  6.905636E+01
2.953333E+02  6.895188E+01
2.956667E+02  6.884768E+01
2.960000E+02  6.874376E+01
2.963333E+02  6.864011E+01
2.966667E+02  6.853674E+01
2.970000E+02  6.843365E+01
2.973333E+02  6.833083E+01
2.976667E+02  6.822829E+01
2.980000E+02  6.812601E+01
2.983333E+02  6.802401E+01
2.986667E+02  6.792228E+01
2.990000E+02  6.782081E+01
2.993333E+02  6.771961E+01
2.996667E+02  6.761868E+01
