Time 		 total_aerosol_mass(Kg)
   0.000000e+00   4.717391e+02
   5.555556e-03   4.715325e+02
   1.111111e-02   4.713363e+02
   1.666667e-02   4.711481e+02
   2.222222e-02   4.709665e+02
   2.777778e-02   4.707904e+02
   3.333333e-02   4.706189e+02
   3.888889e-02   4.704516e+02
   4.444444e-02   4.702878e+02
   5.000000e-02   4.701272e+02
   5.555556e-02   4.699695e+02
   6.111111e-02   4.698143e+02
   6.666667e-02   4.696615e+02
   7.222222e-02   4.695108e+02
   7.777778e-02   4.693621e+02
   8.333333e-02   4.692152e+02
   8.888889e-02   4.690699e+02
   9.444444e-02   4.689262e+02
   1.000000e-01   4.687839e+02
   1.055556e-01   4.686429e+02
   1.111111e-01   4.685032e+02
   1.166667e-01   4.683646e+02
   1.222222e-01   4.682271e+02
   1.277778e-01   4.680905e+02
   1.333333e-01   4.679549e+02
   1.388889e-01   4.678202e+02
   1.444444e-01   4.676863e+02
   1.500000e-01   4.675532e+02
   1.555556e-01   4.674207e+02
   1.611111e-01   4.672890e+02
   1.666667e-01   4.671578e+02
   1.722222e-01   4.670273e+02
   1.777778e-01   4.668972e+02
   1.833333e-01   4.667677e+02
   1.888889e-01   4.666387e+02
   1.944444e-01   4.665101e+02
   2.000000e-01   4.663819e+02
   2.055556e-01   4.662541e+02
   2.111111e-01   4.661266e+02
   2.166667e-01   4.659994e+02
   2.222222e-01   4.658726e+02
   2.277778e-01   4.657460e+02
   2.333333e-01   4.656196e+02
   2.388889e-01   4.654935e+02
   2.444444e-01   4.653676e+02
   2.500000e-01   4.652419e+02
   2.555556e-01   4.651163e+02
   2.611111e-01   4.649908e+02
   2.666667e-01   4.648655e+02
   2.722222e-01   4.647402e+02
   2.777778e-01   4.646151e+02
   2.833333e-01   4.644899e+02
   2.888889e-01   4.643649e+02
   2.944444e-01   4.642398e+02
   3.000000e-01   4.641148e+02
   3.055556e-01   4.639898e+02
   3.111111e-01   4.638647e+02
   3.166667e-01   4.637396e+02
   3.222222e-01   4.636144e+02
   3.277778e-01   4.634892e+02
   3.333333e-01   4.633639e+02
   3.388889e-01   4.632384e+02
   3.444444e-01   4.631129e+02
   3.500000e-01   4.629872e+02
   3.555556e-01   4.628614e+02
   3.611111e-01   4.627354e+02
   3.666667e-01   4.626093e+02
   3.722222e-01   4.624830e+02
   3.777778e-01   4.623565e+02
   3.833333e-01   4.622297e+02
   3.888889e-01   4.621028e+02
   3.944444e-01   4.619756e+02
   4.000000e-01   4.618481e+02
   4.055556e-01   4.617204e+02
   4.111111e-01   4.615924e+02
   4.166667e-01   4.614642e+02
   4.222222e-01   4.613356e+02
   4.277778e-01   4.612067e+02
   4.333333e-01   4.610775e+02
   4.388889e-01   4.609480e+02
   4.444444e-01   4.608181e+02
   4.500000e-01   4.606878e+02
   4.555556e-01   4.605572e+02
   4.611111e-01   4.604262e+02
   4.666667e-01   4.602947e+02
   4.722222e-01   4.601629e+02
   4.777778e-01   4.600307e+02
   4.833333e-01   4.598980e+02
   4.888889e-01   4.597648e+02
   4.944444e-01   4.596312e+02
   5.000000e-01   4.594972e+02
   5.055556e-01   4.593626e+02
   5.111111e-01   4.592276e+02
   5.166667e-01   4.590920e+02
   5.222222e-01   4.589559e+02
   5.277778e-01   4.588193e+02
   5.333333e-01   4.586821e+02
   5.388889e-01   4.585444e+02
   5.444444e-01   4.584061e+02
   5.500000e-01   4.582672e+02
   5.555556e-01   4.581277e+02
   5.611111e-01   4.579876e+02
   5.666667e-01   4.578469e+02
   5.722222e-01   4.577055e+02
   5.777778e-01   4.575635e+02
   5.833333e-01   4.574208e+02
   5.888889e-01   4.572774e+02
   5.944444e-01   4.571334e+02
   6.000000e-01   4.569886e+02
   6.055556e-01   4.568431e+02
   6.111111e-01   4.566969e+02
   6.166667e-01   4.565500e+02
   6.222222e-01   4.564022e+02
   6.277778e-01   4.562537e+02
   6.333333e-01   4.561045e+02
   6.388889e-01   4.559544e+02
   6.444444e-01   4.558034e+02
   6.500000e-01   4.556517e+02
   6.555556e-01   4.554991e+02
   6.611111e-01   4.553456e+02
   6.666667e-01   4.551913e+02
   6.722222e-01   4.550361e+02
   6.777778e-01   4.548799e+02
   6.833333e-01   4.547228e+02
   6.888889e-01   4.545648e+02
   6.944444e-01   4.544058e+02
   7.000000e-01   4.542459e+02
   7.055556e-01   4.540849e+02
   7.111111e-01   4.539230e+02
   7.166667e-01   4.537600e+02
   7.222222e-01   4.535960e+02
   7.277778e-01   4.534309e+02
   7.333333e-01   4.532647e+02
   7.388889e-01   4.530975e+02
   7.444444e-01   4.529291e+02
   7.500000e-01   4.527596e+02
   7.555556e-01   4.525889e+02
   7.611111e-01   4.524171e+02
   7.666667e-01   4.522441e+02
   7.722222e-01   4.520698e+02
   7.777778e-01   4.518944e+02
   7.833333e-01   4.517177e+02
   7.888889e-01   4.515397e+02
   7.944444e-01   4.513605e+02
   8.000000e-01   4.511799e+02
   8.055556e-01   4.509980e+02
   8.111111e-01   4.508148e+02
   8.166667e-01   4.506301e+02
   8.222222e-01   4.504441e+02
   8.277778e-01   4.502567e+02
   8.333333e-01   4.500679e+02
   8.388889e-01   4.498775e+02
   8.444444e-01   4.496857e+02
   8.500000e-01   4.494924e+02
   8.555556e-01   4.492976e+02
   8.611111e-01   4.491012e+02
   8.666667e-01   4.489032e+02
   8.722222e-01   4.487036e+02
   8.777778e-01   4.485024e+02
   8.833333e-01   4.482995e+02
   8.888889e-01   4.480950e+02
   8.944444e-01   4.478887e+02
   9.000000e-01   4.476808e+02
   9.055556e-01   4.474710e+02
   9.111111e-01   4.472595e+02
   9.166667e-01   4.470462e+02
   9.222222e-01   4.468310e+02
   9.277778e-01   4.466139e+02
   9.333333e-01   4.463950e+02
   9.388889e-01   4.461741e+02
   9.444444e-01   4.459513e+02
   9.500000e-01   4.457264e+02
   9.555556e-01   4.454996e+02
   9.611111e-01   4.452707e+02
   9.666667e-01   4.450397e+02
   9.722222e-01   4.448066e+02
   9.777778e-01   4.445714e+02
   9.833333e-01   4.443340e+02
   9.888889e-01   4.440943e+02
   9.944444e-01   4.438524e+02
   1.000000e+00   4.436083e+02
   1.005556e+00   4.433618e+02
   1.011111e+00   4.431130e+02
   1.016667e+00   4.428617e+02
   1.022222e+00   4.426081e+02
   1.027778e+00   4.423520e+02
   1.033333e+00   4.420934e+02
   1.038889e+00   4.418322e+02
   1.044444e+00   4.415685e+02
   1.050000e+00   4.413021e+02
   1.055556e+00   4.410331e+02
   1.061111e+00   4.407614e+02
   1.066667e+00   4.404870e+02
   1.072222e+00   4.402097e+02
   1.077778e+00   4.399297e+02
   1.083333e+00   4.396467e+02
   1.088889e+00   4.393609e+02
   1.094444e+00   4.390721e+02
   1.100000e+00   4.387803e+02
   1.105556e+00   4.384855e+02
   1.111111e+00   4.381875e+02
   1.116667e+00   4.378864e+02
   1.122222e+00   4.375822e+02
   1.127778e+00   4.372746e+02
   1.133333e+00   4.369638e+02
   1.138889e+00   4.366497e+02
   1.144444e+00   4.363321e+02
   1.150000e+00   4.360112e+02
   1.155556e+00   4.356867e+02
   1.161111e+00   4.353586e+02
   1.166667e+00   4.350270e+02
   1.172222e+00   4.346917e+02
   1.177778e+00   4.343527e+02
   1.183333e+00   4.340099e+02
   1.188889e+00   4.336633e+02
   1.194444e+00   4.333129e+02
   1.200000e+00   4.329584e+02
   1.205556e+00   4.326000e+02
   1.211111e+00   4.322375e+02
   1.216667e+00   4.318708e+02
   1.222222e+00   4.315000e+02
   1.227778e+00   4.311249e+02
   1.233333e+00   4.307455e+02
   1.238889e+00   4.303617e+02
   1.244444e+00   4.299735e+02
   1.250000e+00   4.295807e+02
   1.255556e+00   4.291834e+02
   1.261111e+00   4.287814e+02
   1.266667e+00   4.283747e+02
   1.272222e+00   4.279632e+02
   1.277778e+00   4.275468e+02
   1.283333e+00   4.271255e+02
   1.288889e+00   4.266992e+02
   1.294444e+00   4.262678e+02
   1.300000e+00   4.258312e+02
   1.305556e+00   4.253894e+02
   1.311111e+00   4.249423e+02
   1.316667e+00   4.244897e+02
   1.322222e+00   4.240318e+02
   1.327778e+00   4.235682e+02
   1.333333e+00   4.230990e+02
   1.338889e+00   4.226241e+02
   1.344444e+00   4.221435e+02
   1.350000e+00   4.216569e+02
   1.355556e+00   4.211643e+02
   1.361111e+00   4.206658e+02
   1.366667e+00   4.201610e+02
   1.372222e+00   4.196501e+02
   1.377778e+00   4.191328e+02
   1.383333e+00   4.186092e+02
   1.388889e+00   4.180790e+02
   1.394444e+00   4.175423e+02
   1.400000e+00   4.169989e+02
   1.405556e+00   4.164487e+02
   1.411111e+00   4.158917e+02
   1.416667e+00   4.153277e+02
   1.422222e+00   4.147567e+02
   1.427778e+00   4.141785e+02
   1.433333e+00   4.135932e+02
   1.438889e+00   4.130004e+02
   1.444444e+00   4.124003e+02
   1.450000e+00   4.117926e+02
   1.455556e+00   4.111774e+02
   1.461111e+00   4.105544e+02
   1.466667e+00   4.099236e+02
   1.472222e+00   4.092848e+02
   1.477778e+00   4.086381e+02
   1.483333e+00   4.079833e+02
   1.488889e+00   4.073202e+02
   1.494444e+00   4.066489e+02
   1.500000e+00   4.059691e+02
   1.505556e+00   4.052809e+02
   1.511111e+00   4.045840e+02
   1.516667e+00   4.038785e+02
   1.522222e+00   4.031641e+02
   1.527778e+00   4.024409e+02
   1.533333e+00   4.017086e+02
   1.538889e+00   4.009673e+02
   1.544444e+00   4.002168e+02
   1.550000e+00   3.994571e+02
   1.555556e+00   3.986879e+02
   1.561111e+00   3.979093e+02
   1.566667e+00   3.971212e+02
   1.572222e+00   3.963234e+02
   1.577778e+00   3.955159e+02
   1.583333e+00   3.946985e+02
   1.588889e+00   3.938713e+02
   1.594444e+00   3.930341e+02
   1.600000e+00   3.921868e+02
   1.605556e+00   3.913293e+02
   1.611111e+00   3.904617e+02
   1.616667e+00   3.895837e+02
   1.622222e+00   3.886954e+02
   1.627778e+00   3.877966e+02
   1.633333e+00   3.868874e+02
   1.638889e+00   3.859675e+02
   1.644444e+00   3.850371e+02
   1.650000e+00   3.840959e+02
   1.655556e+00   3.831441e+02
   1.661111e+00   3.821814e+02
   1.666667e+00   3.812079e+02
   1.672222e+00   3.802235e+02
   1.677778e+00   3.792283e+02
   1.683333e+00   3.782221e+02
   1.688889e+00   3.772049e+02
   1.694444e+00   3.761767e+02
   1.700000e+00   3.751376e+02
   1.705556e+00   3.740874e+02
   1.711111e+00   3.730262e+02
   1.716667e+00   3.719540e+02
   1.722222e+00   3.708708e+02
   1.727778e+00   3.697765e+02
   1.733333e+00   3.686713e+02
   1.738889e+00   3.675551e+02
   1.744444e+00   3.664280e+02
   1.750000e+00   3.652900e+02
   1.755556e+00   3.641412e+02
   1.761111e+00   3.629816e+02
   1.766667e+00   3.618112e+02
   1.772222e+00   3.606302e+02
   1.777778e+00   3.594386e+02
   1.783333e+00   3.582365e+02
   1.788889e+00   3.570239e+02
   1.794444e+00   3.558011e+02
   1.800000e+00   3.545680e+02
   1.805556e+00   3.533249e+02
   1.811111e+00   3.520717e+02
   1.816667e+00   3.508088e+02
   1.822222e+00   3.495361e+02
   1.827778e+00   3.482538e+02
   1.833333e+00   3.469622e+02
   1.838889e+00   3.456613e+02
   1.844444e+00   3.443514e+02
   1.850000e+00   3.430326e+02
   1.855556e+00   3.417051e+02
   1.861111e+00   3.403691e+02
   1.866667e+00   3.390247e+02
   1.872222e+00   3.376724e+02
   1.877778e+00   3.363121e+02
   1.883333e+00   3.349443e+02
   1.888889e+00   3.335690e+02
   1.894444e+00   3.321866e+02
   1.900000e+00   3.307972e+02
   1.905556e+00   3.294013e+02
   1.911111e+00   3.279989e+02
   1.916667e+00   3.265904e+02
   1.922222e+00   3.251761e+02
   1.927778e+00   3.237563e+02
   1.933333e+00   3.223312e+02
   1.938889e+00   3.209010e+02
   1.944444e+00   3.194663e+02
   1.950000e+00   3.180271e+02
   1.955556e+00   3.165838e+02
   1.961111e+00   3.151368e+02
   1.966667e+00   3.136864e+02
   1.972222e+00   3.122328e+02
   1.977778e+00   3.107763e+02
   1.983333e+00   3.093174e+02
   1.988889e+00   3.078563e+02
   1.994444e+00   3.063933e+02
   2.000000e+00   3.049288e+02
   2.005556e+00   3.034631e+02
   2.011111e+00   3.019965e+02
   2.016667e+00   3.005293e+02
   2.022222e+00   2.990619e+02
   2.027778e+00   2.975945e+02
   2.033333e+00   2.961276e+02
   2.038889e+00   2.946614e+02
   2.044444e+00   2.931961e+02
   2.050000e+00   2.917323e+02
   2.055556e+00   2.902701e+02
   2.061111e+00   2.888098e+02
   2.066667e+00   2.873518e+02
   2.072222e+00   2.858963e+02
   2.077778e+00   2.844437e+02
   2.083333e+00   2.829942e+02
   2.088889e+00   2.815482e+02
   2.094444e+00   2.801058e+02
   2.100000e+00   2.786674e+02
   2.105556e+00   2.772332e+02
   2.111111e+00   2.758035e+02
   2.116667e+00   2.743785e+02
   2.122222e+00   2.729585e+02
   2.127778e+00   2.715437e+02
   2.133333e+00   2.701344e+02
   2.138889e+00   2.687307e+02
   2.144444e+00   2.673330e+02
   2.150000e+00   2.659413e+02
   2.155556e+00   2.645559e+02
   2.161111e+00   2.631771e+02
   2.166667e+00   2.618049e+02
   2.172222e+00   2.604396e+02
   2.177778e+00   2.590813e+02
   2.183333e+00   2.577302e+02
   2.188889e+00   2.563865e+02
   2.194444e+00   2.550503e+02
   2.200000e+00   2.537217e+02
   2.205556e+00   2.524010e+02
   2.211111e+00   2.510881e+02
   2.216667e+00   2.497833e+02
   2.222222e+00   2.484866e+02
   2.227778e+00   2.471981e+02
   2.233333e+00   2.459180e+02
   2.238889e+00   2.446463e+02
   2.244444e+00   2.433832e+02
   2.250000e+00   2.421286e+02
   2.255556e+00   2.408827e+02
   2.261111e+00   2.396456e+02
   2.266667e+00   2.384172e+02
   2.272222e+00   2.371977e+02
   2.277778e+00   2.359871e+02
   2.283333e+00   2.347854e+02
   2.288889e+00   2.335926e+02
   2.294444e+00   2.324089e+02
   2.300000e+00   2.312341e+02
   2.305556e+00   2.300684e+02
   2.311111e+00   2.289118e+02
   2.316667e+00   2.277642e+02
   2.322222e+00   2.266256e+02
   2.327778e+00   2.254961e+02
   2.333333e+00   2.243757e+02
   2.338889e+00   2.232643e+02
   2.344444e+00   2.221620e+02
   2.350000e+00   2.210686e+02
   2.355556e+00   2.199843e+02
   2.361111e+00   2.189089e+02
   2.366667e+00   2.178425e+02
   2.372222e+00   2.167850e+02
   2.377778e+00   2.157364e+02
   2.383333e+00   2.146966e+02
   2.388889e+00   2.136656e+02
   2.394444e+00   2.126434e+02
   2.400000e+00   2.116299e+02
   2.405556e+00   2.106251e+02
   2.411111e+00   2.096289e+02
   2.416667e+00   2.086413e+02
   2.422222e+00   2.076622e+02
   2.427778e+00   2.066916e+02
   2.433333e+00   2.057294e+02
   2.438889e+00   2.047756e+02
   2.444444e+00   2.038300e+02
   2.450000e+00   2.028927e+02
   2.455556e+00   2.019636e+02
   2.461111e+00   2.010425e+02
   2.466667e+00   2.001296e+02
   2.472222e+00   1.992246e+02
   2.477778e+00   1.983275e+02
   2.483333e+00   1.974383e+02
   2.488889e+00   1.965569e+02
   2.494444e+00   1.956831e+02
   2.500000e+00   1.948171e+02
   2.505556e+00   1.939586e+02
   2.511111e+00   1.931076e+02
   2.516667e+00   1.922641e+02
   2.522222e+00   1.914279e+02
   2.527778e+00   1.905991e+02
   2.533333e+00   1.897775e+02
   2.538889e+00   1.889630e+02
   2.544444e+00   1.881556e+02
   2.550000e+00   1.873553e+02
   2.555556e+00   1.865619e+02
   2.561111e+00   1.857754e+02
   2.566667e+00   1.849957e+02
   2.572222e+00   1.842228e+02
   2.577778e+00   1.834565e+02
   2.583333e+00   1.826968e+02
   2.588889e+00   1.819436e+02
   2.594444e+00   1.811970e+02
   2.600000e+00   1.804567e+02
   2.605556e+00   1.797227e+02
   2.611111e+00   1.789950e+02
   2.616667e+00   1.782735e+02
   2.622222e+00   1.775581e+02
   2.627778e+00   1.768488e+02
   2.633333e+00   1.761454e+02
   2.638889e+00   1.754480e+02
   2.644444e+00   1.747564e+02
   2.650000e+00   1.740707e+02
   2.655556e+00   1.733906e+02
   2.661111e+00   1.727163e+02
   2.666667e+00   1.720475e+02
   2.672222e+00   1.713843e+02
   2.677778e+00   1.707265e+02
   2.683333e+00   1.700742e+02
   2.688889e+00   1.694272e+02
   2.694444e+00   1.687855e+02
   2.700000e+00   1.681491e+02
   2.705556e+00   1.675178e+02
   2.711111e+00   1.668917e+02
   2.716667e+00   1.662706e+02
   2.722222e+00   1.656545e+02
   2.727778e+00   1.650433e+02
   2.733333e+00   1.644371e+02
   2.738889e+00   1.638356e+02
   2.744444e+00   1.632390e+02
   2.750000e+00   1.626471e+02
   2.755556e+00   1.620598e+02
   2.761111e+00   1.614772e+02
   2.766667e+00   1.608991e+02
   2.772222e+00   1.603255e+02
   2.777778e+00   1.597564e+02
   2.783333e+00   1.591917e+02
   2.788889e+00   1.586314e+02
   2.794444e+00   1.580754e+02
   2.800000e+00   1.575236e+02
   2.805556e+00   1.569760e+02
   2.811111e+00   1.564326e+02
   2.816667e+00   1.558934e+02
   2.822222e+00   1.553582e+02
   2.827778e+00   1.548270e+02
   2.833333e+00   1.542998e+02
   2.838889e+00   1.537765e+02
   2.844444e+00   1.532572e+02
   2.850000e+00   1.527416e+02
   2.855556e+00   1.522299e+02
   2.861111e+00   1.517219e+02
   2.866667e+00   1.512177e+02
   2.872222e+00   1.507171e+02
   2.877778e+00   1.502202e+02
   2.883333e+00   1.497269e+02
   2.888889e+00   1.492371e+02
   2.894444e+00   1.487508e+02
   2.900000e+00   1.482680e+02
   2.905556e+00   1.477887e+02
   2.911111e+00   1.473127e+02
   2.916667e+00   1.468401e+02
   2.922222e+00   1.463709e+02
   2.927778e+00   1.459049e+02
   2.933333e+00   1.454422e+02
   2.938889e+00   1.449827e+02
   2.944444e+00   1.445263e+02
   2.950000e+00   1.440732e+02
   2.955556e+00   1.436231e+02
   2.961111e+00   1.431761e+02
   2.966667e+00   1.427322e+02
   2.972222e+00   1.422913e+02
   2.977778e+00   1.418533e+02
   2.983333e+00   1.414184e+02
   2.988889e+00   1.409863e+02
   2.994444e+00   1.405571e+02
   3.000000e+00   1.401308e+02
   3.005556e+00   1.397073e+02
   3.011111e+00   1.392866e+02
   3.016667e+00   1.388686e+02
   3.022222e+00   1.384534e+02
   3.027778e+00   1.380410e+02
   3.033333e+00   1.376311e+02
   3.038889e+00   1.372240e+02
   3.044444e+00   1.368195e+02
   3.050000e+00   1.364175e+02
   3.055556e+00   1.360182e+02
   3.061111e+00   1.356213e+02
   3.066667e+00   1.352270e+02
   3.072222e+00   1.348352e+02
   3.077778e+00   1.344459e+02
   3.083333e+00   1.340590e+02
   3.088889e+00   1.336745e+02
   3.094444e+00   1.332924e+02
   3.100000e+00   1.329127e+02
   3.105556e+00   1.325353e+02
   3.111111e+00   1.321603e+02
   3.116667e+00   1.317875e+02
   3.122222e+00   1.314170e+02
   3.127778e+00   1.310488e+02
   3.133333e+00   1.306828e+02
   3.138889e+00   1.303190e+02
   3.144444e+00   1.299573e+02
   3.150000e+00   1.295979e+02
   3.155556e+00   1.292406e+02
   3.161111e+00   1.288854e+02
   3.166667e+00   1.285323e+02
   3.172222e+00   1.281813e+02
   3.177778e+00   1.278324e+02
   3.183333e+00   1.274855e+02
   3.188889e+00   1.271406e+02
   3.194444e+00   1.267977e+02
   3.200000e+00   1.264568e+02
   3.205556e+00   1.261179e+02
   3.211111e+00   1.257809e+02
   3.216667e+00   1.254458e+02
   3.222222e+00   1.251126e+02
   3.227778e+00   1.247814e+02
   3.233333e+00   1.244520e+02
   3.238889e+00   1.241244e+02
   3.244444e+00   1.237987e+02
   3.250000e+00   1.234749e+02
   3.255556e+00   1.231528e+02
   3.261111e+00   1.228325e+02
   3.266667e+00   1.225140e+02
   3.272222e+00   1.221972e+02
   3.277778e+00   1.218822e+02
   3.283333e+00   1.215689e+02
   3.288889e+00   1.212573e+02
   3.294444e+00   1.209473e+02
   3.300000e+00   1.206391e+02
   3.305556e+00   1.203325e+02
   3.311111e+00   1.200276e+02
   3.316667e+00   1.197243e+02
   3.322222e+00   1.194226e+02
   3.327778e+00   1.191226e+02
   3.333333e+00   1.188241e+02
   3.338889e+00   1.185272e+02
   3.344444e+00   1.182318e+02
   3.350000e+00   1.179380e+02
   3.355556e+00   1.176457e+02
   3.361111e+00   1.173550e+02
   3.366667e+00   1.170657e+02
   3.372222e+00   1.167779e+02
   3.377778e+00   1.164917e+02
   3.383333e+00   1.162069e+02
   3.388889e+00   1.159235e+02
   3.394444e+00   1.156416e+02
   3.400000e+00   1.153611e+02
   3.405556e+00   1.150821e+02
   3.411111e+00   1.148044e+02
   3.416667e+00   1.145281e+02
   3.422222e+00   1.142532e+02
   3.427778e+00   1.139797e+02
   3.433333e+00   1.137076e+02
   3.438889e+00   1.134368e+02
   3.444444e+00   1.131673e+02
   3.450000e+00   1.128992e+02
   3.455556e+00   1.126324e+02
   3.461111e+00   1.123668e+02
   3.466667e+00   1.121026e+02
   3.472222e+00   1.118397e+02
   3.477778e+00   1.115780e+02
   3.483333e+00   1.113176e+02
   3.488889e+00   1.110584e+02
   3.494444e+00   1.108005e+02
   3.500000e+00   1.105438e+02
   3.505556e+00   1.102884e+02
   3.511111e+00   1.100341e+02
   3.516667e+00   1.097811e+02
   3.522222e+00   1.095292e+02
   3.527778e+00   1.092785e+02
   3.533333e+00   1.090291e+02
   3.538889e+00   1.087807e+02
   3.544444e+00   1.085335e+02
   3.550000e+00   1.082875e+02
   3.555556e+00   1.080426e+02
   3.561111e+00   1.077989e+02
   3.566667e+00   1.075562e+02
   3.572222e+00   1.073147e+02
   3.577778e+00   1.070743e+02
   3.583333e+00   1.068349e+02
   3.588889e+00   1.065967e+02
   3.594444e+00   1.063595e+02
   3.600000e+00   1.061234e+02
   3.605556e+00   1.058884e+02
   3.611111e+00   1.056544e+02
   3.616667e+00   1.054215e+02
   3.622222e+00   1.051896e+02
   3.627778e+00   1.049587e+02
   3.633333e+00   1.047288e+02
   3.638889e+00   1.045000e+02
   3.644444e+00   1.042722e+02
   3.650000e+00   1.040454e+02
   3.655556e+00   1.038195e+02
   3.661111e+00   1.035947e+02
   3.666667e+00   1.033708e+02
   3.672222e+00   1.031479e+02
   3.677778e+00   1.029260e+02
   3.683333e+00   1.027050e+02
   3.688889e+00   1.024850e+02
   3.694444e+00   1.022659e+02
   3.700000e+00   1.020477e+02
   3.705556e+00   1.018305e+02
   3.711111e+00   1.016142e+02
   3.716667e+00   1.013988e+02
   3.722222e+00   1.011844e+02
   3.727778e+00   1.009708e+02
   3.733333e+00   1.007581e+02
   3.738889e+00   1.005464e+02
   3.744444e+00   1.003355e+02
   3.750000e+00   1.001255e+02
   3.755556e+00   9.991632e+01
   3.761111e+00   9.970804e+01
   3.766667e+00   9.950062e+01
   3.772222e+00   9.929406e+01
   3.777778e+00   9.908835e+01
   3.783333e+00   9.888348e+01
   3.788889e+00   9.867944e+01
   3.794444e+00   9.847624e+01
   3.800000e+00   9.827386e+01
   3.805556e+00   9.807230e+01
   3.811111e+00   9.787156e+01
   3.816667e+00   9.767162e+01
   3.822222e+00   9.747249e+01
   3.827778e+00   9.727416e+01
   3.833333e+00   9.707662e+01
   3.838889e+00   9.687986e+01
   3.844444e+00   9.668389e+01
   3.850000e+00   9.648870e+01
   3.855556e+00   9.629427e+01
   3.861111e+00   9.610062e+01
   3.866667e+00   9.590772e+01
   3.872222e+00   9.571558e+01
   3.877778e+00   9.552420e+01
   3.883333e+00   9.533356e+01
   3.888889e+00   9.514366e+01
   3.894444e+00   9.495450e+01
   3.900000e+00   9.476607e+01
   3.905556e+00   9.457837e+01
   3.911111e+00   9.439139e+01
   3.916667e+00   9.420513e+01
   3.922222e+00   9.401958e+01
   3.927778e+00   9.383475e+01
   3.933333e+00   9.365061e+01
   3.938889e+00   9.346718e+01
   3.944444e+00   9.328445e+01
   3.950000e+00   9.310240e+01
   3.955556e+00   9.292105e+01
   3.961111e+00   9.274037e+01
   3.966667e+00   9.256038e+01
   3.972222e+00   9.238105e+01
   3.977778e+00   9.220240e+01
   3.983333e+00   9.202442e+01
   3.988889e+00   9.184709e+01
   3.994444e+00   9.167043e+01
   4.000000e+00   9.149441e+01
   4.005556e+00   9.131905e+01
   4.011111e+00   9.114434e+01
   4.016667e+00   9.097026e+01
   4.022222e+00   9.079682e+01
   4.027778e+00   9.062402e+01
   4.033333e+00   9.045185e+01
   4.038889e+00   9.028030e+01
   4.044444e+00   9.010938e+01
   4.050000e+00   8.993907e+01
   4.055556e+00   8.976939e+01
   4.061111e+00   8.960031e+01
   4.066667e+00   8.943184e+01
   4.072222e+00   8.926397e+01
   4.077778e+00   8.909671e+01
   4.083333e+00   8.893004e+01
   4.088889e+00   8.876397e+01
   4.094444e+00   8.859848e+01
   4.100000e+00   8.843359e+01
   4.105556e+00   8.826927e+01
   4.111111e+00   8.810554e+01
   4.116667e+00   8.794238e+01
   4.122222e+00   8.777980e+01
   4.127778e+00   8.761778e+01
   4.133333e+00   8.745634e+01
   4.138889e+00   8.729545e+01
   4.144444e+00   8.713513e+01
   4.150000e+00   8.697536e+01
   4.155556e+00   8.681615e+01
   4.161111e+00   8.665749e+01
   4.166667e+00   8.649937e+01
   4.172222e+00   8.634180e+01
   4.177778e+00   8.618477e+01
   4.183333e+00   8.602828e+01
   4.188889e+00   8.587233e+01
   4.194444e+00   8.571690e+01
   4.200000e+00   8.556201e+01
   4.205556e+00   8.540764e+01
   4.211111e+00   8.525380e+01
   4.216667e+00   8.510047e+01
   4.222222e+00   8.494767e+01
   4.227778e+00   8.479538e+01
   4.233333e+00   8.464360e+01
   4.238889e+00   8.449233e+01
   4.244444e+00   8.434156e+01
   4.250000e+00   8.419130e+01
   4.255556e+00   8.404154e+01
   4.261111e+00   8.389228e+01
   4.266667e+00   8.374351e+01
   4.272222e+00   8.359524e+01
   4.277778e+00   8.344746e+01
   4.283333e+00   8.330016e+01
   4.288889e+00   8.315335e+01
   4.294444e+00   8.300702e+01
   4.300000e+00   8.286117e+01
   4.305556e+00   8.271580e+01
   4.311111e+00   8.257090e+01
   4.316667e+00   8.242647e+01
   4.322222e+00   8.228252e+01
   4.327778e+00   8.213903e+01
   4.333333e+00   8.199600e+01
   4.338889e+00   8.185344e+01
   4.344444e+00   8.171134e+01
   4.350000e+00   8.156969e+01
   4.355556e+00   8.142850e+01
   4.361111e+00   8.128776e+01
   4.366667e+00   8.114748e+01
   4.372222e+00   8.100764e+01
   4.377778e+00   8.086824e+01
   4.383333e+00   8.072929e+01
   4.388889e+00   8.059078e+01
   4.394444e+00   8.045271e+01
   4.400000e+00   8.031507e+01
   4.405556e+00   8.017787e+01
   4.411111e+00   8.004111e+01
   4.416667e+00   7.990477e+01
   4.422222e+00   7.976885e+01
   4.427778e+00   7.963337e+01
   4.433333e+00   7.949831e+01
   4.438889e+00   7.936367e+01
   4.444444e+00   7.922944e+01
   4.450000e+00   7.909564e+01
   4.455556e+00   7.896225e+01
   4.461111e+00   7.882927e+01
   4.466667e+00   7.869670e+01
   4.472222e+00   7.856454e+01
   4.477778e+00   7.843279e+01
   4.483333e+00   7.830145e+01
   4.488889e+00   7.817050e+01
   4.494444e+00   7.803996e+01
   4.500000e+00   7.790981e+01
   4.505556e+00   7.778007e+01
   4.511111e+00   7.765071e+01
   4.516667e+00   7.752175e+01
   4.522222e+00   7.739318e+01
   4.527778e+00   7.726500e+01
   4.533333e+00   7.713721e+01
   4.538889e+00   7.700980e+01
   4.544444e+00   7.688278e+01
   4.550000e+00   7.675614e+01
   4.555556e+00   7.662987e+01
   4.561111e+00   7.650399e+01
   4.566667e+00   7.637848e+01
   4.572222e+00   7.625334e+01
   4.577778e+00   7.612858e+01
   4.583333e+00   7.600419e+01
   4.588889e+00   7.588017e+01
   4.594444e+00   7.575651e+01
   4.600000e+00   7.563322e+01
   4.605556e+00   7.551030e+01
   4.611111e+00   7.538773e+01
   4.616667e+00   7.526553e+01
   4.622222e+00   7.514369e+01
   4.627778e+00   7.502220e+01
   4.633333e+00   7.490107e+01
   4.638889e+00   7.478029e+01
   4.644444e+00   7.465986e+01
   4.650000e+00   7.453979e+01
   4.655556e+00   7.442006e+01
   4.661111e+00   7.430068e+01
   4.666667e+00   7.418164e+01
   4.672222e+00   7.406295e+01
   4.677778e+00   7.394461e+01
   4.683333e+00   7.382660e+01
   4.688889e+00   7.370893e+01
   4.694444e+00   7.359160e+01
   4.700000e+00   7.347461e+01
   4.705556e+00   7.335795e+01
   4.711111e+00   7.324162e+01
   4.716667e+00   7.312563e+01
   4.722222e+00   7.300996e+01
   4.727778e+00   7.289463e+01
   4.733333e+00   7.277962e+01
   4.738889e+00   7.266493e+01
   4.744444e+00   7.255058e+01
   4.750000e+00   7.243654e+01
   4.755556e+00   7.232283e+01
   4.761111e+00   7.220943e+01
   4.766667e+00   7.209635e+01
   4.772222e+00   7.198360e+01
   4.777778e+00   7.187115e+01
   4.783333e+00   7.175902e+01
   4.788889e+00   7.164721e+01
   4.794444e+00   7.153570e+01
   4.800000e+00   7.142451e+01
   4.805556e+00   7.131362e+01
   4.811111e+00   7.120304e+01
   4.816667e+00   7.109277e+01
   4.822222e+00   7.098280e+01
   4.827778e+00   7.087314e+01
   4.833333e+00   7.076378e+01
   4.838889e+00   7.065472e+01
   4.844444e+00   7.054595e+01
   4.850000e+00   7.043749e+01
   4.855556e+00   7.032932e+01
   4.861111e+00   7.022145e+01
   4.866667e+00   7.011388e+01
   4.872222e+00   7.000659e+01
   4.877778e+00   6.989960e+01
   4.883333e+00   6.979290e+01
   4.888889e+00   6.968649e+01
   4.894444e+00   6.958036e+01
   4.900000e+00   6.947453e+01
   4.905556e+00   6.936898e+01
   4.911111e+00   6.926371e+01
   4.916667e+00   6.915873e+01
   4.922222e+00   6.905403e+01
   4.927778e+00   6.894960e+01
   4.933333e+00   6.884546e+01
   4.938889e+00   6.874160e+01
   4.944444e+00   6.863802e+01
   4.950000e+00   6.853471e+01
   4.955556e+00   6.843168e+01
   4.961111e+00   6.832892e+01
   4.966667e+00   6.822643e+01
   4.972222e+00   6.812421e+01
   4.977778e+00   6.802227e+01
   4.983333e+00   6.792059e+01
   4.988889e+00   6.781919e+01
   4.994444e+00   6.771805e+01
