Time 		 total_aerosol_mass(Kg)
   0.000000e+00   4.717391e+02
   5.555556e-03   4.715325e+02
   1.111111e-02   4.713363e+02
   1.666667e-02   4.711481e+02
   2.222222e-02   4.709665e+02
   2.777778e-02   4.707904e+02
   3.333333e-02   4.706189e+02
   3.888889e-02   4.704516e+02
   4.444444e-02   4.702878e+02
   5.000000e-02   4.701272e+02
   5.555556e-02   4.699695e+02
   6.111111e-02   4.698143e+02
   6.666667e-02   4.696615e+02
   7.222222e-02   4.695108e+02
   7.777778e-02   4.693621e+02
   8.333333e-02   4.692152e+02
   8.888889e-02   4.690699e+02
   9.444444e-02   4.689262e+02
   1.000000e-01   4.687839e+02
   1.055556e-01   4.686430e+02
   1.111111e-01   4.685032e+02
   1.166667e-01   4.683647e+02
   1.222222e-01   4.682271e+02
   1.277778e-01   4.680906e+02
   1.333333e-01   4.679551e+02
   1.388889e-01   4.678203e+02
   1.444444e-01   4.676865e+02
   1.500000e-01   4.675533e+02
   1.555556e-01   4.674209e+02
   1.611111e-01   4.672892e+02
   1.666667e-01   4.671580e+02
   1.722222e-01   4.670275e+02
   1.777778e-01   4.668975e+02
   1.833333e-01   4.667680e+02
   1.888889e-01   4.666390e+02
   1.944444e-01   4.665104e+02
   2.000000e-01   4.663822e+02
   2.055556e-01   4.662545e+02
   2.111111e-01   4.661270e+02
   2.166667e-01   4.659999e+02
   2.222222e-01   4.658731e+02
   2.277778e-01   4.657465e+02
   2.333333e-01   4.656202e+02
   2.388889e-01   4.654941e+02
   2.444444e-01   4.653682e+02
   2.500000e-01   4.652425e+02
   2.555556e-01   4.651170e+02
   2.611111e-01   4.649915e+02
   2.666667e-01   4.648662e+02
   2.722222e-01   4.647410e+02
   2.777778e-01   4.646159e+02
   2.833333e-01   4.644909e+02
   2.888889e-01   4.643658e+02
   2.944444e-01   4.642408e+02
   3.000000e-01   4.641159e+02
   3.055556e-01   4.639909e+02
   3.111111e-01   4.638659e+02
   3.166667e-01   4.637408e+02
   3.222222e-01   4.636157e+02
   3.277778e-01   4.634905e+02
   3.333333e-01   4.633653e+02
   3.388889e-01   4.632399e+02
   3.444444e-01   4.631144e+02
   3.500000e-01   4.629888e+02
   3.555556e-01   4.628631e+02
   3.611111e-01   4.627372e+02
   3.666667e-01   4.626111e+02
   3.722222e-01   4.624848e+02
   3.777778e-01   4.623584e+02
   3.833333e-01   4.622317e+02
   3.888889e-01   4.621049e+02
   3.944444e-01   4.619777e+02
   4.000000e-01   4.618504e+02
   4.055556e-01   4.617228e+02
   4.111111e-01   4.615949e+02
   4.166667e-01   4.614667e+02
   4.222222e-01   4.613382e+02
   4.277778e-01   4.612094e+02
   4.333333e-01   4.610803e+02
   4.388889e-01   4.609508e+02
   4.444444e-01   4.608210e+02
   4.500000e-01   4.606909e+02
   4.555556e-01   4.605604e+02
   4.611111e-01   4.604294e+02
   4.666667e-01   4.602981e+02
   4.722222e-01   4.601664e+02
   4.777778e-01   4.600343e+02
   4.833333e-01   4.599017e+02
   4.888889e-01   4.597687e+02
   4.944444e-01   4.596352e+02
   5.000000e-01   4.595012e+02
   5.055556e-01   4.593668e+02
   5.111111e-01   4.592319e+02
   5.166667e-01   4.590965e+02
   5.222222e-01   4.589605e+02
   5.277778e-01   4.588240e+02
   5.333333e-01   4.586870e+02
   5.388889e-01   4.585494e+02
   5.444444e-01   4.584112e+02
   5.500000e-01   4.582725e+02
   5.555556e-01   4.581332e+02
   5.611111e-01   4.579932e+02
   5.666667e-01   4.578526e+02
   5.722222e-01   4.577114e+02
   5.777778e-01   4.575696e+02
   5.833333e-01   4.574271e+02
   5.888889e-01   4.572839e+02
   5.944444e-01   4.571400e+02
   6.000000e-01   4.569954e+02
   6.055556e-01   4.568501e+02
   6.111111e-01   4.567041e+02
   6.166667e-01   4.565573e+02
   6.222222e-01   4.564098e+02
   6.277778e-01   4.562615e+02
   6.333333e-01   4.561124e+02
   6.388889e-01   4.559625e+02
   6.444444e-01   4.558118e+02
   6.500000e-01   4.556603e+02
   6.555556e-01   4.555079e+02
   6.611111e-01   4.553547e+02
   6.666667e-01   4.552006e+02
   6.722222e-01   4.550456e+02
   6.777778e-01   4.548897e+02
   6.833333e-01   4.547328e+02
   6.888889e-01   4.545751e+02
   6.944444e-01   4.544163e+02
   7.000000e-01   4.542566e+02
   7.055556e-01   4.540960e+02
   7.111111e-01   4.539343e+02
   7.166667e-01   4.537716e+02
   7.222222e-01   4.536078e+02
   7.277778e-01   4.534430e+02
   7.333333e-01   4.532771e+02
   7.388889e-01   4.531102e+02
   7.444444e-01   4.529421e+02
   7.500000e-01   4.527729e+02
   7.555556e-01   4.526026e+02
   7.611111e-01   4.524310e+02
   7.666667e-01   4.522584e+02
   7.722222e-01   4.520845e+02
   7.777778e-01   4.519094e+02
   7.833333e-01   4.517330e+02
   7.888889e-01   4.515554e+02
   7.944444e-01   4.513765e+02
   8.000000e-01   4.511963e+02
   8.055556e-01   4.510148e+02
   8.111111e-01   4.508319e+02
   8.166667e-01   4.506477e+02
   8.222222e-01   4.504621e+02
   8.277778e-01   4.502750e+02
   8.333333e-01   4.500866e+02
   8.388889e-01   4.498967e+02
   8.444444e-01   4.497053e+02
   8.500000e-01   4.495124e+02
   8.555556e-01   4.493180e+02
   8.611111e-01   4.491221e+02
   8.666667e-01   4.489246e+02
   8.722222e-01   4.487255e+02
   8.777778e-01   4.485247e+02
   8.833333e-01   4.483223e+02
   8.888889e-01   4.481183e+02
   8.944444e-01   4.479126e+02
   9.000000e-01   4.477051e+02
   9.055556e-01   4.474959e+02
   9.111111e-01   4.472849e+02
   9.166667e-01   4.470721e+02
   9.222222e-01   4.468575e+02
   9.277778e-01   4.466410e+02
   9.333333e-01   4.464226e+02
   9.388889e-01   4.462023e+02
   9.444444e-01   4.459801e+02
   9.500000e-01   4.457559e+02
   9.555556e-01   4.455297e+02
   9.611111e-01   4.453014e+02
   9.666667e-01   4.450711e+02
   9.722222e-01   4.448386e+02
   9.777778e-01   4.446041e+02
   9.833333e-01   4.443673e+02
   9.888889e-01   4.441284e+02
   9.944444e-01   4.438872e+02
   1.000000e+00   4.436438e+02
   1.005556e+00   4.433980e+02
   1.011111e+00   4.431500e+02
   1.016667e+00   4.428995e+02
   1.022222e+00   4.426466e+02
   1.027778e+00   4.423913e+02
   1.033333e+00   4.421335e+02
   1.038889e+00   4.418732e+02
   1.044444e+00   4.416103e+02
   1.050000e+00   4.413448e+02
   1.055556e+00   4.410767e+02
   1.061111e+00   4.408059e+02
   1.066667e+00   4.405323e+02
   1.072222e+00   4.402560e+02
   1.077778e+00   4.399769e+02
   1.083333e+00   4.396949e+02
   1.088889e+00   4.394101e+02
   1.094444e+00   4.391222e+02
   1.100000e+00   4.388315e+02
   1.105556e+00   4.385376e+02
   1.111111e+00   4.382408e+02
   1.116667e+00   4.379407e+02
   1.122222e+00   4.376375e+02
   1.127778e+00   4.373311e+02
   1.133333e+00   4.370215e+02
   1.138889e+00   4.367085e+02
   1.144444e+00   4.363921e+02
   1.150000e+00   4.360723e+02
   1.155556e+00   4.357490e+02
   1.161111e+00   4.354222e+02
   1.166667e+00   4.350919e+02
   1.172222e+00   4.347579e+02
   1.177778e+00   4.344202e+02
   1.183333e+00   4.340787e+02
   1.188889e+00   4.337335e+02
   1.194444e+00   4.333843e+02
   1.200000e+00   4.330313e+02
   1.205556e+00   4.326743e+02
   1.211111e+00   4.323132e+02
   1.216667e+00   4.319481e+02
   1.222222e+00   4.315787e+02
   1.227778e+00   4.312052e+02
   1.233333e+00   4.308273e+02
   1.238889e+00   4.304451e+02
   1.244444e+00   4.300585e+02
   1.250000e+00   4.296674e+02
   1.255556e+00   4.292717e+02
   1.261111e+00   4.288714e+02
   1.266667e+00   4.284664e+02
   1.272222e+00   4.280567e+02
   1.277778e+00   4.276421e+02
   1.283333e+00   4.272226e+02
   1.288889e+00   4.267981e+02
   1.294444e+00   4.263686e+02
   1.300000e+00   4.259339e+02
   1.305556e+00   4.254941e+02
   1.311111e+00   4.250489e+02
   1.316667e+00   4.245984e+02
   1.322222e+00   4.241424e+02
   1.327778e+00   4.236810e+02
   1.333333e+00   4.232139e+02
   1.338889e+00   4.227412e+02
   1.344444e+00   4.222626e+02
   1.350000e+00   4.217783e+02
   1.355556e+00   4.212880e+02
   1.361111e+00   4.207917e+02
   1.366667e+00   4.202893e+02
   1.372222e+00   4.197807e+02
   1.377778e+00   4.192658e+02
   1.383333e+00   4.187446e+02
   1.388889e+00   4.182169e+02
   1.394444e+00   4.176827e+02
   1.400000e+00   4.171418e+02
   1.405556e+00   4.165942e+02
   1.411111e+00   4.160398e+02
   1.416667e+00   4.154785e+02
   1.422222e+00   4.149102e+02
   1.427778e+00   4.143348e+02
   1.433333e+00   4.137521e+02
   1.438889e+00   4.131622e+02
   1.444444e+00   4.125649e+02
   1.450000e+00   4.119602e+02
   1.455556e+00   4.113478e+02
   1.461111e+00   4.107278e+02
   1.466667e+00   4.101000e+02
   1.472222e+00   4.094643e+02
   1.477778e+00   4.088206e+02
   1.483333e+00   4.081689e+02
   1.488889e+00   4.075090e+02
   1.494444e+00   4.068409e+02
   1.500000e+00   4.061643e+02
   1.505556e+00   4.054794e+02
   1.511111e+00   4.047858e+02
   1.516667e+00   4.040836e+02
   1.522222e+00   4.033726e+02
   1.527778e+00   4.026528e+02
   1.533333e+00   4.019240e+02
   1.538889e+00   4.011862e+02
   1.544444e+00   4.004392e+02
   1.550000e+00   3.996829e+02
   1.555556e+00   3.989174e+02
   1.561111e+00   3.981424e+02
   1.566667e+00   3.973579e+02
   1.572222e+00   3.965637e+02
   1.577778e+00   3.957599e+02
   1.583333e+00   3.949463e+02
   1.588889e+00   3.941228e+02
   1.594444e+00   3.932893e+02
   1.600000e+00   3.924458e+02
   1.605556e+00   3.915922e+02
   1.611111e+00   3.907283e+02
   1.616667e+00   3.898542e+02
   1.622222e+00   3.889697e+02
   1.627778e+00   3.880748e+02
   1.633333e+00   3.871695e+02
   1.638889e+00   3.862535e+02
   1.644444e+00   3.853269e+02
   1.650000e+00   3.843897e+02
   1.655556e+00   3.834417e+02
   1.661111e+00   3.824830e+02
   1.666667e+00   3.815134e+02
   1.672222e+00   3.805329e+02
   1.677778e+00   3.795416e+02
   1.683333e+00   3.785392e+02
   1.688889e+00   3.775259e+02
   1.694444e+00   3.765017e+02
   1.700000e+00   3.754664e+02
   1.705556e+00   3.744200e+02
   1.711111e+00   3.733626e+02
   1.716667e+00   3.722942e+02
   1.722222e+00   3.712148e+02
   1.727778e+00   3.701243e+02
   1.733333e+00   3.690228e+02
   1.738889e+00   3.679104e+02
   1.744444e+00   3.667869e+02
   1.750000e+00   3.656526e+02
   1.755556e+00   3.645074e+02
   1.761111e+00   3.633513e+02
   1.766667e+00   3.621846e+02
   1.772222e+00   3.610071e+02
   1.777778e+00   3.598190e+02
   1.783333e+00   3.586203e+02
   1.788889e+00   3.574112e+02
   1.794444e+00   3.561918e+02
   1.800000e+00   3.549622e+02
   1.805556e+00   3.537224e+02
   1.811111e+00   3.524726e+02
   1.816667e+00   3.512130e+02
   1.822222e+00   3.499436e+02
   1.827778e+00   3.486647e+02
   1.833333e+00   3.473763e+02
   1.838889e+00   3.460788e+02
   1.844444e+00   3.447721e+02
   1.850000e+00   3.434566e+02
   1.855556e+00   3.421324e+02
   1.861111e+00   3.407997e+02
   1.866667e+00   3.394587e+02
   1.872222e+00   3.381097e+02
   1.877778e+00   3.367528e+02
   1.883333e+00   3.353884e+02
   1.888889e+00   3.340165e+02
   1.894444e+00   3.326376e+02
   1.900000e+00   3.312518e+02
   1.905556e+00   3.298594e+02
   1.911111e+00   3.284606e+02
   1.916667e+00   3.270558e+02
   1.922222e+00   3.256452e+02
   1.927778e+00   3.242291e+02
   1.933333e+00   3.228078e+02
   1.938889e+00   3.213816e+02
   1.944444e+00   3.199507e+02
   1.950000e+00   3.185155e+02
   1.955556e+00   3.170763e+02
   1.961111e+00   3.156334e+02
   1.966667e+00   3.141871e+02
   1.972222e+00   3.127377e+02
   1.977778e+00   3.112855e+02
   1.983333e+00   3.098309e+02
   1.988889e+00   3.083741e+02
   1.994444e+00   3.069154e+02
   2.000000e+00   3.054553e+02
   2.005556e+00   3.039939e+02
   2.011111e+00   3.025317e+02
   2.016667e+00   3.010689e+02
   2.022222e+00   2.996059e+02
   2.027778e+00   2.981429e+02
   2.033333e+00   2.966802e+02
   2.038889e+00   2.952183e+02
   2.044444e+00   2.937573e+02
   2.050000e+00   2.922975e+02
   2.055556e+00   2.908394e+02
   2.061111e+00   2.893831e+02
   2.066667e+00   2.879289e+02
   2.072222e+00   2.864772e+02
   2.077778e+00   2.850282e+02
   2.083333e+00   2.835822e+02
   2.088889e+00   2.821394e+02
   2.094444e+00   2.807002e+02
   2.100000e+00   2.792647e+02
   2.105556e+00   2.778333e+02
   2.111111e+00   2.764061e+02
   2.116667e+00   2.749835e+02
   2.122222e+00   2.735656e+02
   2.127778e+00   2.721526e+02
   2.133333e+00   2.707449e+02
   2.138889e+00   2.693426e+02
   2.144444e+00   2.679459e+02
   2.150000e+00   2.665550e+02
   2.155556e+00   2.651701e+02
   2.161111e+00   2.637915e+02
   2.166667e+00   2.624192e+02
   2.172222e+00   2.610535e+02
   2.177778e+00   2.596945e+02
   2.183333e+00   2.583423e+02
   2.188889e+00   2.569973e+02
   2.194444e+00   2.556594e+02
   2.200000e+00   2.543288e+02
   2.205556e+00   2.530056e+02
   2.211111e+00   2.516901e+02
   2.216667e+00   2.503822e+02
   2.222222e+00   2.490822e+02
   2.227778e+00   2.477901e+02
   2.233333e+00   2.465060e+02
   2.238889e+00   2.452300e+02
   2.244444e+00   2.439622e+02
   2.250000e+00   2.427027e+02
   2.255556e+00   2.414516e+02
   2.261111e+00   2.402089e+02
   2.266667e+00   2.389746e+02
   2.272222e+00   2.377490e+02
   2.277778e+00   2.365319e+02
   2.283333e+00   2.353235e+02
   2.288889e+00   2.341238e+02
   2.294444e+00   2.329328e+02
   2.300000e+00   2.317505e+02
   2.305556e+00   2.305771e+02
   2.311111e+00   2.294125e+02
   2.316667e+00   2.282567e+02
   2.322222e+00   2.271098e+02
   2.327778e+00   2.259717e+02
   2.333333e+00   2.248425e+02
   2.338889e+00   2.237221e+02
   2.344444e+00   2.226106e+02
   2.350000e+00   2.215080e+02
   2.355556e+00   2.204142e+02
   2.361111e+00   2.193293e+02
   2.366667e+00   2.182531e+02
   2.372222e+00   2.171858e+02
   2.377778e+00   2.161272e+02
   2.383333e+00   2.150774e+02
   2.388889e+00   2.140364e+02
   2.394444e+00   2.130040e+02
   2.400000e+00   2.119802e+02
   2.405556e+00   2.109651e+02
   2.411111e+00   2.099586e+02
   2.416667e+00   2.089606e+02
   2.422222e+00   2.079712e+02
   2.427778e+00   2.069901e+02
   2.433333e+00   2.060175e+02
   2.438889e+00   2.050533e+02
   2.444444e+00   2.040973e+02
   2.450000e+00   2.031496e+02
   2.455556e+00   2.022102e+02
   2.461111e+00   2.012788e+02
   2.466667e+00   2.003556e+02
   2.472222e+00   1.994404e+02
   2.477778e+00   1.985332e+02
   2.483333e+00   1.976339e+02
   2.488889e+00   1.967425e+02
   2.494444e+00   1.958588e+02
   2.500000e+00   1.949829e+02
   2.505556e+00   1.941147e+02
   2.511111e+00   1.932541e+02
   2.516667e+00   1.924010e+02
   2.522222e+00   1.915555e+02
   2.527778e+00   1.907173e+02
   2.533333e+00   1.898865e+02
   2.538889e+00   1.890629e+02
   2.544444e+00   1.882466e+02
   2.550000e+00   1.874374e+02
   2.555556e+00   1.866353e+02
   2.561111e+00   1.858403e+02
   2.566667e+00   1.850521e+02
   2.572222e+00   1.842709e+02
   2.577778e+00   1.834965e+02
   2.583333e+00   1.827288e+02
   2.588889e+00   1.819678e+02
   2.594444e+00   1.812134e+02
   2.600000e+00   1.804655e+02
   2.605556e+00   1.797241e+02
   2.611111e+00   1.789892e+02
   2.616667e+00   1.782605e+02
   2.622222e+00   1.775382e+02
   2.627778e+00   1.768220e+02
   2.633333e+00   1.761120e+02
   2.638889e+00   1.754081e+02
   2.644444e+00   1.747102e+02
   2.650000e+00   1.740182e+02
   2.655556e+00   1.733322e+02
   2.661111e+00   1.726519e+02
   2.666667e+00   1.719774e+02
   2.672222e+00   1.713086e+02
   2.677778e+00   1.706454e+02
   2.683333e+00   1.699877e+02
   2.688889e+00   1.693356e+02
   2.694444e+00   1.686889e+02
   2.700000e+00   1.680476e+02
   2.705556e+00   1.674117e+02
   2.711111e+00   1.667809e+02
   2.716667e+00   1.661554e+02
   2.722222e+00   1.655350e+02
   2.727778e+00   1.649197e+02
   2.733333e+00   1.643095e+02
   2.738889e+00   1.637041e+02
   2.744444e+00   1.631037e+02
   2.750000e+00   1.625082e+02
   2.755556e+00   1.619175e+02
   2.761111e+00   1.613315e+02
   2.766667e+00   1.607501e+02
   2.772222e+00   1.601735e+02
   2.777778e+00   1.596014e+02
   2.783333e+00   1.590338e+02
   2.788889e+00   1.584707e+02
   2.794444e+00   1.579120e+02
   2.800000e+00   1.573578e+02
   2.805556e+00   1.568078e+02
   2.811111e+00   1.562621e+02
   2.816667e+00   1.557206e+02
   2.822222e+00   1.551833e+02
   2.827778e+00   1.546501e+02
   2.833333e+00   1.541211e+02
   2.838889e+00   1.535960e+02
   2.844444e+00   1.530749e+02
   2.850000e+00   1.525578e+02
   2.855556e+00   1.520445e+02
   2.861111e+00   1.515352e+02
   2.866667e+00   1.510296e+02
   2.872222e+00   1.505278e+02
   2.877778e+00   1.500297e+02
   2.883333e+00   1.495352e+02
   2.888889e+00   1.490444e+02
   2.894444e+00   1.485572e+02
   2.900000e+00   1.480736e+02
   2.905556e+00   1.475935e+02
   2.911111e+00   1.471168e+02
   2.916667e+00   1.466436e+02
   2.922222e+00   1.461737e+02
   2.927778e+00   1.457072e+02
   2.933333e+00   1.452441e+02
   2.938889e+00   1.447842e+02
   2.944444e+00   1.443276e+02
   2.950000e+00   1.438741e+02
   2.955556e+00   1.434239e+02
   2.961111e+00   1.429767e+02
   2.966667e+00   1.425327e+02
   2.972222e+00   1.420917e+02
   2.977778e+00   1.416538e+02
   2.983333e+00   1.412189e+02
   2.988889e+00   1.407869e+02
   2.994444e+00   1.403579e+02
   3.000000e+00   1.399318e+02
   3.005556e+00   1.395085e+02
   3.011111e+00   1.390881e+02
   3.016667e+00   1.386705e+02
   3.022222e+00   1.382556e+02
   3.027778e+00   1.378435e+02
   3.033333e+00   1.374341e+02
   3.038889e+00   1.370274e+02
   3.044444e+00   1.366234e+02
   3.050000e+00   1.362220e+02
   3.055556e+00   1.358232e+02
   3.061111e+00   1.354270e+02
   3.066667e+00   1.350333e+02
   3.072222e+00   1.346421e+02
   3.077778e+00   1.342535e+02
   3.083333e+00   1.338673e+02
   3.088889e+00   1.334835e+02
   3.094444e+00   1.331021e+02
   3.100000e+00   1.327232e+02
   3.105556e+00   1.323466e+02
   3.111111e+00   1.319723e+02
   3.116667e+00   1.316004e+02
   3.122222e+00   1.312308e+02
   3.127778e+00   1.308634e+02
   3.133333e+00   1.304983e+02
   3.138889e+00   1.301354e+02
   3.144444e+00   1.297747e+02
   3.150000e+00   1.294161e+02
   3.155556e+00   1.290598e+02
   3.161111e+00   1.287055e+02
   3.166667e+00   1.283534e+02
   3.172222e+00   1.280034e+02
   3.177778e+00   1.276554e+02
   3.183333e+00   1.273095e+02
   3.188889e+00   1.269656e+02
   3.194444e+00   1.266238e+02
   3.200000e+00   1.262839e+02
   3.205556e+00   1.259460e+02
   3.211111e+00   1.256100e+02
   3.216667e+00   1.252760e+02
   3.222222e+00   1.249439e+02
   3.227778e+00   1.246137e+02
   3.233333e+00   1.242853e+02
   3.238889e+00   1.239589e+02
   3.244444e+00   1.236342e+02
   3.250000e+00   1.233114e+02
   3.255556e+00   1.229904e+02
   3.261111e+00   1.226712e+02
   3.266667e+00   1.223538e+02
   3.272222e+00   1.220381e+02
   3.277778e+00   1.217241e+02
   3.283333e+00   1.214119e+02
   3.288889e+00   1.211014e+02
   3.294444e+00   1.207925e+02
   3.300000e+00   1.204854e+02
   3.305556e+00   1.201799e+02
   3.311111e+00   1.198761e+02
   3.316667e+00   1.195738e+02
   3.322222e+00   1.192732e+02
   3.327778e+00   1.189742e+02
   3.333333e+00   1.186768e+02
   3.338889e+00   1.183810e+02
   3.344444e+00   1.180867e+02
   3.350000e+00   1.177940e+02
   3.355556e+00   1.175028e+02
   3.361111e+00   1.172131e+02
   3.366667e+00   1.169249e+02
   3.372222e+00   1.166382e+02
   3.377778e+00   1.163530e+02
   3.383333e+00   1.160692e+02
   3.388889e+00   1.157869e+02
   3.394444e+00   1.155060e+02
   3.400000e+00   1.152266e+02
   3.405556e+00   1.149486e+02
   3.411111e+00   1.146719e+02
   3.416667e+00   1.143967e+02
   3.422222e+00   1.141228e+02
   3.427778e+00   1.138503e+02
   3.433333e+00   1.135792e+02
   3.438889e+00   1.133094e+02
   3.444444e+00   1.130409e+02
   3.450000e+00   1.127738e+02
   3.455556e+00   1.125080e+02
   3.461111e+00   1.122434e+02
   3.466667e+00   1.119802e+02
   3.472222e+00   1.117182e+02
   3.477778e+00   1.114575e+02
   3.483333e+00   1.111980e+02
   3.488889e+00   1.109398e+02
   3.494444e+00   1.106829e+02
   3.500000e+00   1.104271e+02
   3.505556e+00   1.101726e+02
   3.511111e+00   1.099193e+02
   3.516667e+00   1.096672e+02
   3.522222e+00   1.094162e+02
   3.527778e+00   1.091665e+02
   3.533333e+00   1.089179e+02
   3.538889e+00   1.086705e+02
   3.544444e+00   1.084242e+02
   3.550000e+00   1.081790e+02
   3.555556e+00   1.079350e+02
   3.561111e+00   1.076921e+02
   3.566667e+00   1.074504e+02
   3.572222e+00   1.072097e+02
   3.577778e+00   1.069701e+02
   3.583333e+00   1.067316e+02
   3.588889e+00   1.064942e+02
   3.594444e+00   1.062579e+02
   3.600000e+00   1.060226e+02
   3.605556e+00   1.057884e+02
   3.611111e+00   1.055552e+02
   3.616667e+00   1.053231e+02
   3.622222e+00   1.050920e+02
   3.627778e+00   1.048620e+02
   3.633333e+00   1.046329e+02
   3.638889e+00   1.044048e+02
   3.644444e+00   1.041778e+02
   3.650000e+00   1.039517e+02
   3.655556e+00   1.037267e+02
   3.661111e+00   1.035026e+02
   3.666667e+00   1.032795e+02
   3.672222e+00   1.030573e+02
   3.677778e+00   1.028361e+02
   3.683333e+00   1.026159e+02
   3.688889e+00   1.023966e+02
   3.694444e+00   1.021782e+02
   3.700000e+00   1.019608e+02
   3.705556e+00   1.017443e+02
   3.711111e+00   1.015287e+02
   3.716667e+00   1.013140e+02
   3.722222e+00   1.011002e+02
   3.727778e+00   1.008874e+02
   3.733333e+00   1.006754e+02
   3.738889e+00   1.004643e+02
   3.744444e+00   1.002540e+02
   3.750000e+00   1.000447e+02
   3.755556e+00   9.983620e+01
   3.761111e+00   9.962857e+01
   3.766667e+00   9.942180e+01
   3.772222e+00   9.921588e+01
   3.777778e+00   9.901080e+01
   3.783333e+00   9.880655e+01
   3.788889e+00   9.860314e+01
   3.794444e+00   9.840055e+01
   3.800000e+00   9.819878e+01
   3.805556e+00   9.799783e+01
   3.811111e+00   9.779769e+01
   3.816667e+00   9.759834e+01
   3.822222e+00   9.739980e+01
   3.827778e+00   9.720205e+01
   3.833333e+00   9.700509e+01
   3.838889e+00   9.680890e+01
   3.844444e+00   9.661350e+01
   3.850000e+00   9.641887e+01
   3.855556e+00   9.622500e+01
   3.861111e+00   9.603190e+01
   3.866667e+00   9.583955e+01
   3.872222e+00   9.564795e+01
   3.877778e+00   9.545710e+01
   3.883333e+00   9.526699e+01
   3.888889e+00   9.507762e+01
   3.894444e+00   9.488898e+01
   3.900000e+00   9.470107e+01
   3.905556e+00   9.451388e+01
   3.911111e+00   9.432741e+01
   3.916667e+00   9.414165e+01
   3.922222e+00   9.395661e+01
   3.927778e+00   9.377226e+01
   3.933333e+00   9.358862e+01
   3.938889e+00   9.340567e+01
   3.944444e+00   9.322342e+01
   3.950000e+00   9.304185e+01
   3.955556e+00   9.286096e+01
   3.961111e+00   9.268075e+01
   3.966667e+00   9.250122e+01
   3.972222e+00   9.232235e+01
   3.977778e+00   9.214416e+01
   3.983333e+00   9.196662e+01
   3.988889e+00   9.178974e+01
   3.994444e+00   9.161351e+01
   4.000000e+00   9.143794e+01
   4.005556e+00   9.126301e+01
   4.011111e+00   9.108872e+01
   4.016667e+00   9.091507e+01
   4.022222e+00   9.074205e+01
   4.027778e+00   9.056967e+01
   4.033333e+00   9.039791e+01
   4.038889e+00   9.022677e+01
   4.044444e+00   9.005625e+01
   4.050000e+00   8.988634e+01
   4.055556e+00   8.971705e+01
   4.061111e+00   8.954837e+01
   4.066667e+00   8.938029e+01
   4.072222e+00   8.921281e+01
   4.077778e+00   8.904592e+01
   4.083333e+00   8.887964e+01
   4.088889e+00   8.871394e+01
   4.094444e+00   8.854882e+01
   4.100000e+00   8.838430e+01
   4.105556e+00   8.822035e+01
   4.111111e+00   8.805697e+01
   4.116667e+00   8.789417e+01
   4.122222e+00   8.773194e+01
   4.127778e+00   8.757028e+01
   4.133333e+00   8.740918e+01
   4.138889e+00   8.724864e+01
   4.144444e+00   8.708866e+01
   4.150000e+00   8.692923e+01
   4.155556e+00   8.677035e+01
   4.161111e+00   8.661202e+01
   4.166667e+00   8.645423e+01
   4.172222e+00   8.629699e+01
   4.177778e+00   8.614028e+01
   4.183333e+00   8.598411e+01
   4.188889e+00   8.582847e+01
   4.194444e+00   8.567336e+01
   4.200000e+00   8.551878e+01
   4.205556e+00   8.536472e+01
   4.211111e+00   8.521117e+01
   4.216667e+00   8.505815e+01
   4.222222e+00   8.490564e+01
   4.227778e+00   8.475365e+01
   4.233333e+00   8.460216e+01
   4.238889e+00   8.445118e+01
   4.244444e+00   8.430071e+01
   4.250000e+00   8.415073e+01
   4.255556e+00   8.400125e+01
   4.261111e+00   8.385227e+01
   4.266667e+00   8.370378e+01
   4.272222e+00   8.355578e+01
   4.277778e+00   8.340827e+01
   4.283333e+00   8.326124e+01
   4.288889e+00   8.311470e+01
   4.294444e+00   8.296863e+01
   4.300000e+00   8.282305e+01
   4.305556e+00   8.267793e+01
   4.311111e+00   8.253329e+01
   4.316667e+00   8.238912e+01
   4.322222e+00   8.224542e+01
   4.327778e+00   8.210218e+01
   4.333333e+00   8.195940e+01
   4.338889e+00   8.181708e+01
   4.344444e+00   8.167522e+01
   4.350000e+00   8.153382e+01
   4.355556e+00   8.139287e+01
   4.361111e+00   8.125236e+01
   4.366667e+00   8.111231e+01
   4.372222e+00   8.097270e+01
   4.377778e+00   8.083354e+01
   4.383333e+00   8.069481e+01
   4.388889e+00   8.055653e+01
   4.394444e+00   8.041868e+01
   4.400000e+00   8.028127e+01
   4.405556e+00   8.014429e+01
   4.411111e+00   8.000774e+01
   4.416667e+00   7.987161e+01
   4.422222e+00   7.973591e+01
   4.427778e+00   7.960064e+01
   4.433333e+00   7.946579e+01
   4.438889e+00   7.933135e+01
   4.444444e+00   7.919734e+01
   4.450000e+00   7.906373e+01
   4.455556e+00   7.893055e+01
   4.461111e+00   7.879777e+01
   4.466667e+00   7.866540e+01
   4.472222e+00   7.853344e+01
   4.477778e+00   7.840188e+01
   4.483333e+00   7.827073e+01
   4.488889e+00   7.813997e+01
   4.494444e+00   7.800962e+01
   4.500000e+00   7.787966e+01
   4.505556e+00   7.775010e+01
   4.511111e+00   7.762093e+01
   4.516667e+00   7.749215e+01
   4.522222e+00   7.736377e+01
   4.527778e+00   7.723576e+01
   4.533333e+00   7.710815e+01
   4.538889e+00   7.698092e+01
   4.544444e+00   7.685407e+01
   4.550000e+00   7.672760e+01
   4.555556e+00   7.660151e+01
   4.561111e+00   7.647579e+01
   4.566667e+00   7.635045e+01
   4.572222e+00   7.622548e+01
   4.577778e+00   7.610089e+01
   4.583333e+00   7.597666e+01
   4.588889e+00   7.585280e+01
   4.594444e+00   7.572931e+01
   4.600000e+00   7.560618e+01
   4.605556e+00   7.548341e+01
   4.611111e+00   7.536100e+01
   4.616667e+00   7.523895e+01
   4.622222e+00   7.511726e+01
   4.627778e+00   7.499593e+01
   4.633333e+00   7.487495e+01
   4.638889e+00   7.475432e+01
   4.644444e+00   7.463404e+01
   4.650000e+00   7.451411e+01
   4.655556e+00   7.439453e+01
   4.661111e+00   7.427530e+01
   4.666667e+00   7.415640e+01
   4.672222e+00   7.403786e+01
   4.677778e+00   7.391965e+01
   4.683333e+00   7.380178e+01
   4.688889e+00   7.368425e+01
   4.694444e+00   7.356706e+01
   4.700000e+00   7.345020e+01
   4.705556e+00   7.333368e+01
   4.711111e+00   7.321748e+01
   4.716667e+00   7.310162e+01
   4.722222e+00   7.298609e+01
   4.727778e+00   7.287088e+01
   4.733333e+00   7.275600e+01
   4.738889e+00   7.264145e+01
   4.744444e+00   7.252722e+01
   4.750000e+00   7.241331e+01
   4.755556e+00   7.229972e+01
   4.761111e+00   7.218645e+01
   4.766667e+00   7.207349e+01
   4.772222e+00   7.196085e+01
   4.777778e+00   7.184853e+01
   4.783333e+00   7.173652e+01
   4.788889e+00   7.162482e+01
   4.794444e+00   7.151344e+01
   4.800000e+00   7.140236e+01
   4.805556e+00   7.129159e+01
   4.811111e+00   7.118112e+01
   4.816667e+00   7.107096e+01
   4.822222e+00   7.096111e+01
   4.827778e+00   7.085156e+01
   4.833333e+00   7.074231e+01
   4.838889e+00   7.063335e+01
   4.844444e+00   7.052470e+01
   4.850000e+00   7.041634e+01
   4.855556e+00   7.030828e+01
   4.861111e+00   7.020052e+01
   4.866667e+00   7.009305e+01
   4.872222e+00   6.998587e+01
   4.877778e+00   6.987898e+01
   4.883333e+00   6.977238e+01
   4.888889e+00   6.966607e+01
   4.894444e+00   6.956005e+01
   4.900000e+00   6.945431e+01
   4.905556e+00   6.934886e+01
   4.911111e+00   6.924369e+01
   4.916667e+00   6.913880e+01
   4.922222e+00   6.903420e+01
   4.927778e+00   6.892988e+01
   4.933333e+00   6.882583e+01
   4.938889e+00   6.872206e+01
   4.944444e+00   6.861857e+01
   4.950000e+00   6.851536e+01
   4.955556e+00   6.841241e+01
   4.961111e+00   6.830975e+01
   4.966667e+00   6.820735e+01
   4.972222e+00   6.810522e+01
   4.977778e+00   6.800337e+01
   4.983333e+00   6.790178e+01
   4.988889e+00   6.780046e+01
   4.994444e+00   6.769941e+01
